-nan -nan
1.51694e+11 2.11224e+06
3.78566e+10 2.13365e+06
1.67758e+10 2.12942e+06
9.39784e+09 2.0998e+06
5.98318e+09 2.12571e+06
4.12861e+09 2.13329e+06
3.01068e+09 2.13716e+06
2.28542e+09 2.14302e+06
1.78849e+09 2.09496e+06
1.43336e+09 2.11425e+06
1.17091e+09 2.10799e+06
9.71599e+08 2.08818e+06
8.1678e+08 2.11224e+06
6.94218e+08 2.09211e+06
5.95616e+08 2.12298e+06
5.15181e+08 2.1383e+06
4.48771e+08 2.1071e+06
3.9336e+08 2.0974e+06
3.46695e+08 2.11949e+06
3.07073e+08 2.10002e+06
2.73183e+08 2.10345e+06
2.44005e+08 2.13819e+06
2.18735e+08 2.0943e+06
1.96733e+08 2.1101e+06
1.77483e+08 2.11772e+06
1.60566e+08 2.13649e+06
1.45639e+08 2.1391e+06
1.3242e+08 2.1177e+06
1.20673e+08 2.14164e+06
1.102e+08 2.12682e+06
1.00836e+08 2.12096e+06
9.24414e+07 2.13079e+06
8.48957e+07 2.13478e+06
7.8097e+07 2.10766e+06
7.19577e+07 2.10679e+06
6.64021e+07 2.0929e+06
6.13645e+07 2.12627e+06
5.67881e+07 2.1275e+06
5.26232e+07 2.09925e+06
4.88262e+07 2.09476e+06
4.53591e+07 2.13786e+06
4.21882e+07 2.09255e+06
3.92839e+07 2.10566e+06
3.66201e+07 2.08829e+06
3.41734e+07 2.11804e+06
3.19233e+07 2.12852e+06
2.98512e+07 2.14107e+06
2.79408e+07 2.12863e+06
2.61773e+07 2.13272e+06
2.45476e+07 2.11503e+06
2.304e+07 2.0998e+06
2.16436e+07 2.09817e+06
2.03491e+07 2.09925e+06
1.91477e+07 2.11077e+06
1.80317e+07 2.11772e+06
1.69939e+07 2.13762e+06
1.60281e+07 2.09496e+06
1.51284e+07 2.11635e+06
1.42896e+07 2.09441e+06
1.35068e+07 2.09452e+06
1.27758e+07 2.1367e+06
1.20924e+07 2.1177e+06
1.14532e+07 2.104e+06
1.08548e+07 2.11738e+06
1.02941e+07 2.08938e+06
9.76847e+06 2.13024e+06
9.27524e+06 2.13945e+06
8.81213e+06 2.13465e+06
8.377e+06 2.09158e+06
7.96786e+06 2.08807e+06
7.58292e+06 2.09784e+06
7.2205e+06 2.10866e+06
6.87908e+06 2.10214e+06
6.55722e+06 2.12366e+06
6.25362e+06 2.12435e+06
5.96707e+06 2.09334e+06
5.69646e+06 2.09597e+06
5.44075e+06 2.10026e+06
5.19898e+06 2.12356e+06
4.97026e+06 2.13534e+06
4.75377e+06 2.09894e+06
4.54874e+06 2.1421e+06
4.35447e+06 2.13044e+06
4.1703e+06 2.09991e+06
3.9956e+06 2.13001e+06
3.82982e+06 2.13351e+06
3.67241e+06 2.12786e+06
3.52289e+06 2.09476e+06
3.38078e+06 2.12874e+06
3.24567e+06 2.12165e+06
3.11713e+06 2.10379e+06
2.99481e+06 2.12988e+06
2.87835e+06 2.13079e+06
2.76741e+06 2.1383e+06
2.6617e+06 2.1049e+06
2.56091e+06 2.09993e+06
2.46479e+06 2.08742e+06
2.37308e+06 2.10367e+06
2.28554e+06 2.13547e+06
2.20195e+06 2.10147e+06
2.12209e+06 2.13992e+06
2.04578e+06 2.11581e+06
1.97283e+06 2.08589e+06
1.90306e+06 2.09859e+06
1.83631e+06 2.09848e+06
1.77243e+06 2.12039e+06
1.71127e+06 2.13181e+06
1.6527e+06 2.09104e+06
1.59658e+06 2.09049e+06
1.5428e+06 2.11714e+06
1.49124e+06 2.10921e+06
1.4418e+06 2.09365e+06
1.39436e+06 2.0976e+06
1.34884e+06 2.1177e+06
1.30514e+06 2.10677e+06
1.26318e+06 2.11905e+06
1.22288e+06 2.12277e+06
1.18415e+06 2.10477e+06
1.14693e+06 2.11111e+06
1.11115e+06 2.12377e+06
1.07674e+06 2.12266e+06
1.04364e+06 2.12999e+06
1.01179e+06 2.12422e+06
981130 2.104e+06
951616 2.1275e+06
923193 2.12908e+06
895815 2.12693e+06
869435 2.1128e+06
844011 2.13901e+06
819502 2.11311e+06
795869 2.11557e+06
773074 2.13103e+06
751083 2.10368e+06
729862 2.11501e+06
709380 2.13591e+06
689605 2.14105e+06
670510 2.1341e+06
652066 2.08807e+06
634247 2.10335e+06
617028 2.08938e+06
600385 2.11033e+06
584295 2.13033e+06
568737 2.13592e+06
553690 2.10712e+06
539134 2.13579e+06
525049 2.12356e+06
511419 2.09213e+06
498225 2.11322e+06
485450 2.10433e+06
473080 2.12818e+06
461099 2.1334e+06
449493 2.10179e+06
438247 2.13853e+06
427348 2.1168e+06
416784 2.11602e+06
406542 2.11291e+06
396611 2.13135e+06
386980 2.14082e+06
377637 2.10125e+06
368573 2.10546e+06
359778 2.08546e+06
351242 2.14231e+06
342957 2.11168e+06
334912 2.11055e+06
327101 2.12152e+06
319516 2.12131e+06
312147 2.12705e+06
304989 2.1166e+06
298033 2.13727e+06
291274 2.12334e+06
284704 2.09936e+06
278318 2.12264e+06
272108 2.10845e+06
266070 2.10002e+06
260198 2.13374e+06
254486 2.12289e+06
248929 2.09575e+06
243522 2.13442e+06
238261 2.12659e+06
233140 2.14302e+06
228156 2.13262e+06
223303 2.10455e+06
218578 2.10544e+06
213977 2.10057e+06
209495 2.09049e+06
205130 2.092e+06
200878 2.09288e+06
196734 2.09573e+06
192697 2.09321e+06
188762 2.08896e+06
184926 2.09848e+06
181187 2.11861e+06
177542 2.11861e+06
173987 2.13203e+06
170521 2.14004e+06
167140 2.09509e+06
163842 2.10158e+06
160625 2.1158e+06
157486 2.11267e+06
154423 2.13785e+06
151434 2.09749e+06
148517 2.12276e+06
145669 2.09509e+06
142889 2.1177e+06
140175 2.09191e+06
137525 2.1203e+06
134936 2.11268e+06
132408 2.09277e+06
129939 2.13022e+06
127527 2.12276e+06
125170 2.10877e+06
122868 2.13933e+06
120618 2.11929e+06
118419 2.09903e+06
116270 2.0952e+06
114169 2.12311e+06
112115 2.12287e+06
110107 2.09993e+06
108144 2.09189e+06
106224 2.10466e+06
104346 2.13661e+06
102509 2.10181e+06
100713 2.12332e+06
98955.6 2.11983e+06
97236.3 2.09947e+06
95554.1 2.12752e+06
93907.9 2.10013e+06
92297 2.12956e+06
90720.3 2.12874e+06
89177.1 2.09498e+06
87666.5 2.11224e+06
86187.6 2.10634e+06
84739.6 2.12163e+06
83321.9 2.10877e+06
81933.6 2.12411e+06
80574 2.11613e+06
79242.4 2.1405e+06
77938.1 2.11949e+06
76660.5 2.10821e+06
75408.9 2.12343e+06
74182.6 2.10599e+06
72981.1 2.10679e+06
71803.8 2.13192e+06
70650.1 2.08853e+06
69519.3 2.09452e+06
68411.1 2.13454e+06
67324.7 2.12174e+06
66259.8 2.0884e+06
65215.9 2.10821e+06
64192.3 2.12886e+06
63188.7 2.11815e+06
62204.6 2.10568e+06
61239.5 2.11222e+06
60293 2.09727e+06
59364.7 2.12411e+06
58454.1 2.1168e+06
57560.9 2.10488e+06
56684.7 2.10146e+06
55825 2.13488e+06
54981.5 2.0884e+06
54153.8 2.10546e+06
53341.7 2.08971e+06
52544.6 2.12956e+06
51762.4 2.1413e+06
50994.6 2.10059e+06
50241 2.10422e+06
49501.2 2.13478e+06
48774.9 2.1334e+06
48061.9 2.09343e+06
47361.9 2.11257e+06
46674.5 2.11257e+06
45999.5 2.08994e+06
45336.6 2.09146e+06
44685.6 2.10345e+06
44046.3 2.11322e+06
43418.3 2.10146e+06
42801.4 2.10812e+06
42195.4 2.11839e+06
41600.1 2.09398e+06
41015.2 2.11525e+06
40440.6 2.09454e+06
39875.9 2.11738e+06
39321.1 2.13217e+06
38775.9 2.13306e+06
38240 2.13695e+06
37713.4 2.13556e+06
37195.8 2.10566e+06
36687 2.12186e+06
36186.8 2.12118e+06
35695.2 2.11345e+06
35211.8 2.12345e+06
34736.6 2.124e+06
34269.4 2.12705e+06
33809.9 2.09575e+06
33358.2 2.09474e+06
32913.9 2.10079e+06
32477 2.09441e+06
32047.3 2.12593e+06
31624.7 2.14176e+06
31209 2.13226e+06
30800.1 2.10557e+06
30397.9 2.12163e+06
30002.2 2.12978e+06
29612.9 2.11568e+06
29229.9 2.11021e+06
28853 2.11559e+06
28482.2 2.1383e+06
28117.3 2.10546e+06
27758.3 2.10114e+06
27404.9 2.09454e+06
27057.2 2.12311e+06
26714.9 2.11481e+06
26378 2.11055e+06
26046.4 2.13169e+06
25720 2.13374e+06
25398.6 2.13114e+06
25082.3 2.13126e+06
24770.9 2.12309e+06
24464.3 2.12922e+06
24162.4 2.13522e+06
23865.1 2.11135e+06
23572.4 2.08993e+06
23284.1 2.13901e+06
23000.3 2.13092e+06
22720.7 2.11781e+06
22445.4 2.13773e+06
22174.2 2.09762e+06
21907.1 2.08864e+06
21644 2.14061e+06
21384.8 2.10955e+06
21129.5 2.09408e+06
20878 2.10645e+06
20630.3 2.11211e+06
20386.1 2.09288e+06
20145.6 2.10192e+06
19908.6 2.10632e+06
19675.1 2.09312e+06
19445 2.11289e+06
19218.2 2.12897e+06
18994.7 2.12277e+06
18774.5 2.10621e+06
18557.4 2.10192e+06
18343.5 2.11691e+06
18132.6 2.09498e+06
17924.7 2.12569e+06
17719.8 2.10801e+06
17517.9 2.10004e+06
17318.8 2.11669e+06
17122.5 2.12886e+06
16929 2.14048e+06
16738.2 2.09749e+06
16550 2.12174e+06
16364.5 2.14311e+06
16181.6 2.09553e+06
16001.3 2.13648e+06
15823.4 2.11367e+06
15648 2.09606e+06
15475.1 2.13947e+06
15304.5 2.13454e+06
15136.2 2.13306e+06
14970.3 2.11736e+06
14806.6 2.11804e+06
14645.1 2.09343e+06
14485.9 2.12752e+06
14328.8 2.09038e+06
14173.8 2.13924e+06
14020.9 2.11068e+06
13870 2.11068e+06
13721.2 2.10721e+06
13574.4 2.1349e+06
13429.5 2.09606e+06
13286.5 2.1019e+06
13145.5 2.13513e+06
13006.3 2.09147e+06
12868.9 2.12356e+06
12733.4 2.09399e+06
12599.6 2.10843e+06
12467.6 2.09366e+06
12337.3 2.112e+06
12208.7 2.11963e+06
12081.7 2.13488e+06
11956.5 2.1168e+06
11832.8 2.14105e+06
11710.7 2.10101e+06
11590.2 2.1069e+06
11471.2 2.10068e+06
11353.8 2.10866e+06
11237.8 2.11111e+06
11123.3 2.13865e+06
11010.3 2.11324e+06
10898.7 2.08949e+06
10788.6 2.11378e+06
10679.8 2.09685e+06
10572.3 2.10656e+06
10466.2 2.13968e+06
10361.5 2.12546e+06
10258 2.11456e+06
10155.9 2.11759e+06
10055 2.09268e+06
9955.32 2.11244e+06
9856.9 2.13456e+06
9759.7 2.14208e+06
9663.68 2.1375e+06
9568.85 2.11356e+06
9475.17 2.08984e+06
9382.64 2.13935e+06
9291.23 2.1239e+06
9200.93 2.104e+06
9111.72 2.11591e+06
9023.59 2.11748e+06
8936.53 2.13294e+06
8850.51 2.10655e+06
8765.52 2.10745e+06
8681.55 2.11133e+06
8598.58 2.10037e+06
8516.59 2.08884e+06
8435.59 2.11291e+06
8355.54 2.12287e+06
8276.44 2.13217e+06
8198.27 2.09617e+06
8121.02 2.12886e+06
8044.68 2.11817e+06
7969.23 2.08916e+06
7894.66 2.10179e+06
7820.96 2.09716e+06
7748.12 2.12695e+06
7676.13 2.10799e+06
7604.97 2.0987e+06
7534.63 2.12956e+06
7465.1 2.09485e+06
7396.37 2.10566e+06
7328.43 2.08907e+06
7261.27 2.1061e+06
7194.87 2.10499e+06
7129.23 2.10544e+06
7064.34 2.1194e+06
7000.18 2.09771e+06
6936.75 2.08764e+06
6874.03 2.12761e+06
6812.03 2.1341e+06
6750.71 2.08829e+06
6690.09 2.13319e+06
6630.14 2.12197e+06
6570.87 2.13294e+06
6512.25 2.09606e+06
6454.29 2.10668e+06
6396.97 2.09991e+06
6340.28 2.10755e+06
6284.22 2.09969e+06
6228.78 2.10234e+06
6173.94 2.13181e+06
6119.71 2.1019e+06
6066.07 2.13969e+06
6013.02 2.123e+06
5960.55 2.13785e+06
5908.64 2.09299e+06
5857.3 2.12978e+06
5806.52 2.09641e+06
5756.28 2.09016e+06
5706.59 2.11727e+06
5657.43 2.10124e+06
5608.8 2.11514e+06
5560.69 2.13203e+06
5513.1 2.11166e+06
5466.01 2.13433e+06
5419.42 2.11637e+06
5373.33 2.13899e+06
5327.73 2.11101e+06
5282.6 2.09806e+06
5237.96 2.11224e+06
5193.79 2.1341e+06
5150.08 2.1349e+06
5106.82 2.09345e+06
5064.03 2.11044e+06
5021.67 2.11479e+06
4979.76 2.11761e+06
4938.29 2.1061e+06
4897.25 2.10488e+06
4856.63 2.12141e+06
4816.43 2.09222e+06
4776.65 2.12659e+06
4737.27 2.08884e+06
4698.3 2.13408e+06
4659.73 2.11884e+06
4621.56 2.09993e+06
4583.77 2.09441e+06
4546.37 2.12356e+06
4509.35 2.09795e+06
4472.71 2.09949e+06
4436.43 2.12447e+06
4400.53 2.10523e+06
4364.98 2.13819e+06
4329.8 2.14071e+06
4294.97 2.09784e+06
4260.48 2.09947e+06
4226.35 2.09639e+06
4192.55 2.10201e+06
4159.09 2.13317e+06
4125.96 2.13272e+06
4093.16 2.13513e+06
4060.69 2.10103e+06
4028.54 2.10579e+06
3996.7 2.11099e+06
3965.18 2.12571e+06
3933.97 2.10745e+06
3903.07 2.11389e+06
3872.47 2.11135e+06
3842.16 2.10856e+06
3812.16 2.09255e+06
3782.44 2.13351e+06
3753.01 2.11155e+06
3723.87 2.10623e+06
3695.01 2.10258e+06
3666.44 2.0987e+06
3638.13 2.14187e+06
3610.1 2.13922e+06
3582.34 2.11794e+06
3554.84 2.10599e+06
3527.61 2.09147e+06
3500.63 2.09452e+06
3473.92 2.13433e+06
3447.46 2.13035e+06
3421.25 2.0952e+06
3395.28 2.11045e+06
3369.57 2.10356e+06
3344.09 2.11401e+06
3318.86 2.1091e+06
3293.87 2.09749e+06
3269.1 2.10179e+06
3244.58 2.12174e+06
3220.28 2.13226e+06
3196.2 2.104e+06
3172.35 2.11503e+06
3148.73 2.09606e+06
3125.32 2.09126e+06
3102.13 2.12806e+06
3079.16 2.11201e+06
3056.39 2.13844e+06
3033.84 2.13727e+06
3011.49 2.13522e+06
2989.35 2.09332e+06
2967.42 2.10311e+06
2945.68 2.13454e+06
2924.14 2.11635e+06
2902.8 2.13661e+06
2881.65 2.10677e+06
2860.7 2.09071e+06
2839.93 2.12942e+06
2819.35 2.10125e+06
2798.96 2.09102e+06
2778.75 2.11525e+06
2758.73 2.10214e+06
2738.88 2.1007e+06
2719.21 2.13183e+06
2699.72 2.13421e+06
2680.4 2.10499e+06
2661.26 2.11994e+06
2642.29 2.11267e+06
2623.48 2.10555e+06
2604.84 2.14266e+06
2586.37 2.10004e+06
2568.06 2.10866e+06
2549.91 2.1119e+06
2531.92 2.13796e+06
2514.09 2.09168e+06
2496.42 2.09202e+06
2478.9 2.13638e+06
2461.53 2.10079e+06
2444.32 2.11805e+06
2427.25 2.09641e+06
2410.34 2.11635e+06
2393.57 2.09452e+06
2376.95 2.13672e+06
2360.47 2.12705e+06
2344.13 2.09015e+06
2327.94 2.09848e+06
2311.88 2.10333e+06
2295.97 2.11356e+06
2280.18 2.1301e+06
2264.54 2.08776e+06
2249.03 2.08971e+06
2233.65 2.10079e+06
2218.4 2.10777e+06
2203.28 2.10677e+06
2188.29 2.12922e+06
2173.43 2.08982e+06
2158.69 2.09606e+06
2144.08 2.11177e+06
2129.59 2.09266e+06
2115.23 2.10901e+06
2100.98 2.09069e+06
2086.86 2.10812e+06
2072.85 2.11759e+06
2058.96 2.11837e+06
2045.18 2.11658e+06
2031.53 2.10112e+06
2017.98 2.13579e+06
2004.55 2.12422e+06
1991.23 2.09126e+06
1978.02 2.12603e+06
1964.91 2.12978e+06
1951.92 2.10245e+06
1939.04 2.09509e+06
1926.26 2.12458e+06
1913.58 2.10499e+06
1901.01 2.13752e+06
1888.54 2.09093e+06
1876.18 2.09016e+06
1863.91 2.1194e+06
1851.75 2.13568e+06
1839.68 2.1019e+06
1827.71 2.09027e+06
1815.84 2.12479e+06
1804.07 2.14199e+06
1792.39 2.09288e+06
1780.8 2.10632e+06
1769.31 2.10333e+06
1757.91 2.09652e+06
1746.61 2.11648e+06
1735.39 2.10544e+06
1724.26 2.09211e+06
1713.23 2.12922e+06
1702.28 2.10422e+06
1691.41 2.12219e+06
1680.64 2.09441e+06
1669.95 2.12682e+06
1659.34 2.10879e+06
1648.82 2.09246e+06
1638.38 2.11974e+06
1628.03 2.11201e+06
1617.75 2.13672e+06
1607.56 2.11873e+06
1597.45 2.13192e+06
1587.41 2.10013e+06
1577.46 2.09848e+06
1567.58 2.09244e+06
1557.78 2.12956e+06
1548.06 2.09419e+06
1538.41 2.11716e+06
1528.84 2.10158e+06
1519.34 2.12424e+06
1509.92 2.14061e+06
1500.56 2.10269e+06
1491.28 2.14072e+06
1482.08 2.10103e+06
1472.94 2.1249e+06
1463.87 2.13729e+06
1454.87 2.12424e+06
1445.95 2.08905e+06
1437.09 2.123e+06
1428.29 2.11548e+06
1419.57 2.11099e+06
1410.91 2.10555e+06
1402.32 2.09004e+06
1393.79 2.11001e+06
1385.33 2.13454e+06
1376.93 2.13147e+06
1368.59 2.08862e+06
1360.32 2.11244e+06
1352.11 2.09474e+06
1343.96 2.11725e+06
1335.88 2.11358e+06
1327.85 2.12266e+06
1319.89 2.10843e+06
1311.98 2.12231e+06
1304.13 2.11233e+06
1296.34 2.08894e+06
1288.61 2.13467e+06
1280.94 2.10267e+06
1273.32 2.1367e+06
1265.77 2.11481e+06
1258.26 2.12625e+06
1250.81 2.10455e+06
1243.42 2.09113e+06
1236.08 2.1166e+06
1228.8 2.09147e+06
1221.57 2.09881e+06
1214.39 2.14072e+06
1207.26 2.13363e+06
1200.19 2.09773e+06
1193.17 2.10701e+06
1186.2 2.08938e+06
1179.28 2.11546e+06
1172.41 2.1292e+06
1165.59 2.10979e+06
1158.82 2.09126e+06
1152.1 2.10026e+06
1145.43 2.12908e+06
1138.81 2.09288e+06
1132.23 2.09452e+06
1125.7 2.13855e+06
1119.22 2.09146e+06
1112.79 2.12345e+06
1106.4 2.09551e+06
1100.06 2.09617e+06
1093.76 2.11177e+06
1087.51 2.12107e+06
1081.3 2.11927e+06
1075.13 2.13283e+06
1069.01 2.12264e+06
1062.94 2.13294e+06
1056.9 2.1069e+06
1050.91 2.14162e+06
1044.97 2.09463e+06
1039.06 2.12908e+06
1033.19 2.12978e+06
1027.37 2.13477e+06
1021.59 2.10945e+06
1015.85 2.09169e+06
1010.15 2.12842e+06
1004.48 2.10668e+06
998.862 2.12569e+06
993.28 2.12639e+06
987.736 2.12345e+06
982.231 2.10634e+06
976.764 2.10124e+06
971.335 2.12019e+06
965.944 2.11613e+06
960.59 2.12831e+06
955.273 2.10932e+06
949.993 2.1275e+06
944.75 2.09905e+06
939.542 2.08677e+06
934.37 2.13478e+06
929.234 2.14185e+06
924.133 2.09694e+06
919.067 2.12593e+06
914.036 2.12062e+06
909.039 2.12829e+06
904.076 2.11179e+06
899.147 2.10756e+06
894.251 2.13604e+06
889.389 2.09213e+06
884.559 2.11848e+06
879.763 2.13741e+06
874.999 2.10866e+06
870.267 2.1282e+06
865.567 2.12433e+06
860.898 2.12571e+06
856.261 2.11546e+06
851.656 2.13545e+06
847.081 2.10367e+06
842.537 2.13351e+06
838.023 2.12343e+06
833.539 2.13442e+06
829.086 2.12795e+06
824.662 2.09828e+06
820.267 2.08993e+06
815.902 2.0896e+06
811.566 2.1177e+06
807.258 2.10877e+06
802.979 2.09894e+06
798.729 2.1334e+06
794.506 2.09815e+06
790.311 2.1316e+06
786.144 2.12356e+06
782.005 2.10612e+06
777.892 2.08807e+06
773.807 2.10632e+06
769.748 2.09641e+06
765.716 2.11068e+06
761.71 2.09914e+06
757.731 2.11759e+06
753.777 2.08873e+06
749.849 2.10544e+06
745.947 2.10779e+06
742.07 2.12976e+06
738.218 2.13488e+06
734.391 2.0952e+06
730.589 2.0908e+06
726.811 2.11311e+06
723.058 2.11837e+06
719.329 2.10579e+06
715.624 2.12942e+06
711.942 2.10446e+06
708.285 2.1316e+06
704.651 2.09685e+06
701.04 2.12854e+06
697.452 2.11503e+06
693.887 2.12967e+06
690.345 2.11714e+06
686.826 2.12874e+06
683.329 2.12944e+06
679.854 2.09916e+06
676.401 2.09496e+06
672.97 2.10024e+06
669.56 2.09617e+06
666.173 2.09343e+06
662.806 2.11772e+06
659.461 2.12659e+06
656.137 2.10181e+06
652.834 2.09751e+06
649.552 2.1186e+06
646.29 2.11916e+06
643.049 2.09619e+06
639.828 2.11671e+06
636.627 2.1284e+06
633.446 2.10466e+06
630.285 2.1069e+06
627.144 2.13922e+06
624.022 2.11826e+06
620.919 2.0931e+06
617.836 2.11166e+06
614.772 2.13035e+06
611.727 2.08796e+06
608.701 2.12154e+06
605.693 2.1168e+06
602.704 2.10046e+06
599.734 2.11222e+06
596.781 2.112e+06
593.847 2.09641e+06
590.931 2.09399e+06
588.032 2.13625e+06
585.152 2.08949e+06
582.289 2.12795e+06
579.443 2.12829e+06
576.615 2.11704e+06
573.804 2.09573e+06
571.01 2.09025e+06
568.234 2.09474e+06
565.474 2.10081e+06
562.73 2.12535e+06
560.004 2.1391e+06
557.294 2.13992e+06
554.6 2.09476e+06
551.922 2.13408e+06
549.261 2.11389e+06
546.616 2.09288e+06
543.986 2.08994e+06
541.372 2.08796e+06
538.774 2.09925e+06
536.192 2.13124e+06
533.625 2.1316e+06
531.073 2.09408e+06
528.537 2.11045e+06
526.016 2.10955e+06
523.509 2.12705e+06
521.018 2.14004e+06
518.541 2.0872e+06
516.08 2.12221e+06
513.632 2.12933e+06
511.199 2.12682e+06
508.781 2.12321e+06
506.377 2.11635e+06
503.987 2.11133e+06
501.611 2.13353e+06
499.249 2.12695e+06
496.901 2.14004e+06
494.567 2.11066e+06
492.246 2.10588e+06
489.939 2.09257e+06
487.646 2.11501e+06
485.366 2.13602e+06
483.099 2.1309e+06
480.845 2.12831e+06
478.605 2.13012e+06
476.378 2.1239e+06
474.163 2.1405e+06
471.962 2.09848e+06
469.773 2.10446e+06
467.597 2.12582e+06
465.433 2.12761e+06
463.282 2.0894e+06
461.143 2.09551e+06
459.017 2.09905e+06
456.903 2.13399e+06
454.801 2.13148e+06
452.711 2.09323e+06
450.633 2.13924e+06
448.567 2.10368e+06
446.513 2.10812e+06
444.47 2.09815e+06
442.44 2.12682e+06
440.421 2.09476e+06
438.413 2.12388e+06
436.417 2.12174e+06
434.432 2.12266e+06
432.458 2.11322e+06
430.496 2.10579e+06
428.544 2.13842e+06
426.604 2.12028e+06
424.675 2.1168e+06
422.756 2.14002e+06
420.849 2.13933e+06
418.952 2.08907e+06
417.066 2.12865e+06
415.19 2.11257e+06
413.325 2.13217e+06
411.47 2.10125e+06
409.626 2.103e+06
407.792 2.09004e+06
405.968 2.11311e+06
404.155 2.10677e+06
402.352 2.11335e+06
400.558 2.12716e+06
398.775 2.13992e+06
397.002 2.12221e+06
395.238 2.11759e+06
393.484 2.12298e+06
391.74 2.13901e+06
390.006 2.13478e+06
388.281 2.11201e+06
386.566 2.12332e+06
384.86 2.11177e+06
383.163 2.12244e+06
381.476 2.09991e+06
379.798 2.1326e+06
378.13 2.12469e+06
376.47 2.10777e+06
374.82 2.10566e+06
373.178 2.09806e+06
371.546 2.11423e+06
369.922 2.09202e+06
368.308 2.11604e+06
366.702 2.12086e+06
365.105 2.09762e+06
363.516 2.09398e+06
361.937 2.11893e+06
360.365 2.12006e+06
358.803 2.11436e+06
357.249 2.13785e+06
355.703 2.11759e+06
354.165 2.13853e+06
352.636 2.13192e+06
351.115 2.1138e+06
349.602 2.10433e+06
348.098 2.09321e+06
346.601 2.1292e+06
345.113 2.12559e+06
343.632 2.10923e+06
342.16 2.09365e+06
340.695 2.11514e+06
339.238 2.13431e+06
337.789 2.12829e+06
336.348 2.14118e+06
334.914 2.14072e+06
333.488 2.10256e+06
332.069 2.10632e+06
330.658 2.13079e+06
329.255 2.12727e+06
327.859 2.11615e+06
326.47 2.12659e+06
325.089 2.10522e+06
323.715 2.13114e+06
322.348 2.13238e+06
320.989 2.12379e+06
319.636 2.10566e+06
318.291 2.1081e+06
316.953 2.10389e+06
315.622 2.0943e+06
314.297 2.10766e+06
312.98 2.12109e+06
311.67 2.12152e+06
310.366 2.1109e+06
309.07 2.09707e+06
307.78 2.10201e+06
306.496 2.08993e+06
305.22 2.12163e+06
303.95 2.12501e+06
302.687 2.09804e+06
301.43 2.10555e+06
300.18 2.08993e+06
298.936 2.10466e+06
297.698 2.09049e+06
296.467 2.12141e+06
295.243 2.11099e+06
294.025 2.14025e+06
292.813 2.12084e+06
291.607 2.11101e+06
290.407 2.14187e+06
289.214 2.123e+06
288.027 2.1061e+06
286.845 2.11759e+06
285.67 2.09859e+06
284.501 2.13249e+06
283.338 2.09487e+06
282.181 2.12377e+06
281.029 2.13001e+06
279.884 2.09683e+06
278.744 2.09082e+06
277.61 2.10125e+06
276.482 2.12512e+06
275.36 2.09321e+06
274.243 2.13433e+06
273.132 2.11537e+06
272.027 2.1168e+06
270.927 2.11434e+06
269.833 2.12503e+06
268.744 2.09542e+06
267.661 2.09158e+06
266.583 2.12627e+06
265.511 2.11211e+06
264.444 2.10092e+06
263.382 2.10623e+06
262.326 2.08962e+06
261.275 2.10879e+06
260.229 2.13296e+06
259.188 2.10125e+06
258.153 2.09487e+06
257.123 2.09015e+06
256.098 2.13022e+06
255.078 2.12424e+06
254.063 2.09137e+06
253.053 2.12051e+06
252.048 2.12786e+06
251.048 2.08829e+06
250.053 2.12298e+06
249.064 2.09903e+06
248.078 2.11211e+06
247.098 2.12942e+06
246.123 2.08622e+06
245.152 2.1375e+06
244.186 2.1349e+06
243.225 2.13126e+06
242.269 2.09749e+06
241.317 2.11871e+06
240.371 2.10435e+06
239.428 2.13773e+06
238.49 2.11817e+06
237.557 2.11648e+06
236.629 2.13958e+06
235.705 2.11479e+06
234.785 2.03445e+06
233.87 2.02857e+06
232.96 1.99715e+06
232.053 2.13865e+06
231.152 2.13272e+06
230.254 2.10533e+06
229.361 2.11166e+06
228.473 2.12818e+06
227.588 2.13739e+06
226.708 2.10346e+06
225.832 2.13887e+06
224.96 2.11289e+06
224.093 2.14048e+06
223.23 2.11211e+06
222.37 2.11401e+06
221.515 2.10966e+06
220.665 2.10477e+06
219.818 2.09958e+06
218.975 2.12107e+06
218.136 2.11949e+06
217.302 2.10289e+06
216.471 2.14071e+06
215.644 2.10779e+06
214.821 2.10656e+06
214.002 2.13317e+06
213.187 2.11401e+06
212.376 2.13935e+06
211.569 2.14059e+06
210.765 2.13317e+06
209.966 2.13262e+06
209.17 2.12232e+06
208.378 2.08949e+06
207.59 2.09058e+06
206.805 2.13294e+06
206.024 2.10745e+06
205.247 2.09257e+06
204.473 2.10368e+06
203.703 2.12142e+06
202.937 2.09641e+06
202.174 2.09881e+06
201.415 2.10457e+06
200.66 2.09419e+06
199.908 2.11815e+06
199.159 2.11871e+06
198.414 2.05922e+06
197.673 2.03927e+06
196.934 2.03616e+06
196.2 2.12772e+06
195.469 2.12739e+06
194.741 2.09388e+06
194.016 1.992e+06
193.295 1.98785e+06
192.578 2.00427e+06
191.863 1.98758e+06
191.152 1.99611e+06
190.444 2.00253e+06
189.74 1.99416e+06
189.039 1.98571e+06
188.341 2.01725e+06
187.646 1.24321e+06
186.954 1.24221e+06
186.266 1.24833e+06
185.581 1.48791e+06
184.898 1.48746e+06
184.219 1.49285e+06
183.544 1.86812e+06
182.871 1.90996e+06
182.201 1.88299e+06
181.535 1.92568e+06
180.871 1.88997e+06
180.21 1.86956e+06
179.553 1.93256e+06
178.898 1.93518e+06
178.247 1.54346e+06
177.598 1.54209e+06
176.953 1.54108e+06
176.31 1.54429e+06
175.67 1.25247e+06
175.033 1.26606e+06
174.399 1.26659e+06
173.768 264429
173.14 264361
172.514 263615
171.891 445646
171.272 433533
170.655 433847
170.04 1.936e+06
169.429 1.91992e+06
168.82 203214
168.214 203032
167.611 202899
167.01 1.04535e+06
166.412 1.05117e+06
165.817 1.33876e+06
165.224 444702
164.634 445013
164.047 1.69579e+06
163.462 1.67183e+06
162.88 1.98226e+06
162.301 1.87751e+06
161.724 1.89495e+06
161.149 1.74579e+06
160.578 1.72489e+06
160.008 107886
159.442 107816
158.877 107856
158.315 165404
157.756 165352
157.199 165449
156.645 209015
156.093 208483
155.544 126146
154.996 126189
154.452 421696
153.909 422457
153.37 422141
152.832 188838
152.297 188607
151.764 188817
151.233 71693.3
150.705 54506.7
150.179 69239.4
149.656 69252.2
149.134 69195
148.615 45602.9
148.098 45597.6
147.584 28140.3
147.072 29114.2
146.561 29120.7
146.054 29104.1
145.548 82194
145.044 82217.1
144.543 82159.7
144.044 39648.2
143.547 39657.2
143.052 37033.8
142.559 37037.8
142.068 37056.5
141.58 32900.8
141.093 31784.6
140.609 31784.3
140.127 31797.8
139.647 31780.7
139.169 31791.5
138.692 46312.1
138.218 46097.8
137.746 43008.5
137.276 45704.1
136.808 40077
136.342 40118.7
135.878 40082.2
135.416 40100.9
134.956 14362.3
134.498 14365.1
134.042 14366
133.587 12772.5
133.135 12767.1
132.684 10074.9
132.236 10067.5
131.789 10064.4
131.344 10066.1
130.902 10068.2
130.461 10072.2
130.021 10072.2
129.584 10073.4
129.148 16319.6
128.715 16319.7
128.283 16325
127.853 16326.2
127.425 16325.9
126.998 11283.7
126.574 11283
126.151 1752.84
125.73 1752.24
125.31 1751.59
124.893 1752.44
124.477 5656.3
124.062 5308.47
123.65 9318.03
123.239 8763.97
122.83 24715.5
122.423 24703.6
122.017 24735.1
121.613 24723.9
121.211 24719.9
120.81 6847.75
120.411 7400.4
120.014 7398.26
119.618 7398.83
119.224 7397.48
118.832 7395.67
118.441 7397.33
118.052 7400.36
117.664 7395.88
117.278 7398.88
116.894 7400.62
116.511 7398.93
116.13 7400.68
115.75 7395.58
115.372 1664.53
114.995 1656.82
114.62 2134.96
114.246 2135
113.874 3255.9
113.504 3130.78
113.134 8025.3
112.767 8026.08
112.401 5475.65
112.036 5477.68
111.673 5478.44
111.312 5480.1
110.951 5478.75
110.593 5479.11
110.235 5475.64
109.88 5481.32
109.525 5479.43
109.172 5479.95
108.821 4810.42
108.47 4809.59
108.122 4806.21
107.774 4807.85
107.428 4805.45
107.084 4804.85
106.741 577.422
106.399 547.15
106.059 314.204
105.719 328.117
105.382 431.34
105.045 305.21
104.71 255.847
104.377 243.74
104.044 202.335
103.713 149.397
103.384 180.761
103.055 181.423
102.728 96.3782
102.402 180.088
102.078 172.987
101.754 146.355
101.432 77.027
101.112 112.577
100.792 96.9552
100.474 72.0275
100.157 99.9349
99.8416 78.0268
99.5272 77.7757
99.214 48.7576
98.9021 40.3829
98.5913 48.7286
98.2818 51.1371
97.9735 38.2949
97.6665 47.4945
97.3606 24258.1
97.0559 24293.8
96.7524 24241.6
96.4501 24157
96.1489 24243
95.849 24608.9
95.5502 24326.9
95.2526 24299.3
94.9561 24394.7
94.6608 24361.4
94.3666 24118.9
94.0736 23970.6
93.7817 24033.7
93.4909 24226.6
93.2013 1997.3
92.9128 2000.65
92.6254 2001.92
92.3391 2002.48
92.0539 2003.46
91.7698 1997.04
91.4868 1999.85
91.2049 1998.88
90.9241 1999.03
90.6444 2000.52
90.3657 2001.46
90.0882 0
89.8116 0
89.5362 0
89.2618 0
88.9884 0
88.7161 0
88.4448 0
88.1746 0
87.9054 0
87.6372 0
87.37 0
87.1039 0
86.8388 0
86.5747 0
86.3115 0
86.0494 0
85.7883 0
85.5282 0
85.269 0
85.0109 0
84.7537 0
84.4974 0
84.2422 0
83.9879 0
83.7346 0
83.4822 0
83.2308 1.13249
82.9803 0
82.7308 0
82.4822 0
82.2345 0
81.9877 0
81.7419 0
81.497 0
81.2531 0
81.01 0
80.7678 0
80.5266 0
80.2862 0
80.0468 0
79.8082 0
79.5705 0
79.3337 0
79.0978 0
78.8628 0
78.6286 0
78.3953 0
78.1629 0
77.9313 0
77.7006 0
77.4707 0
77.2417 0
77.0136 0
76.7862 0
76.5597 0
76.3341 0
76.1093 0
75.8853 0
75.6621 0
75.4398 0
75.2182 0
74.9975 0
74.7776 0
74.5585 0
74.3402 0
74.1227 0
73.9059 0
73.69 0
73.4749 0
73.2605 0
73.047 0
72.8342 0
72.6222 0
72.4109 0
72.2004 0
71.9907 0
71.7818 0
71.5736 0
71.3661 0
71.1594 0
70.9535 0
70.7483 0
70.5438 0
70.3401 0
70.1371 0
69.9349 0
