-nan -nan
1.51694e+11 2.11945e+06
3.78566e+10 2.141e+06
1.67758e+10 2.13675e+06
9.39784e+09 2.10693e+06
5.98318e+09 2.13301e+06
4.12861e+09 2.14064e+06
3.01068e+09 2.14454e+06
2.28542e+09 2.15044e+06
1.78849e+09 2.10206e+06
1.43336e+09 2.12147e+06
1.17091e+09 2.11517e+06
9.71599e+08 2.09523e+06
8.1678e+08 2.11945e+06
6.94218e+08 2.09919e+06
5.95616e+08 2.13027e+06
5.15181e+08 2.14569e+06
4.48771e+08 2.11428e+06
3.9336e+08 2.10451e+06
3.46695e+08 2.12676e+06
3.07073e+08 2.10715e+06
2.73183e+08 2.1106e+06
2.44005e+08 2.14558e+06
2.18735e+08 2.10139e+06
1.96733e+08 2.1173e+06
1.77483e+08 2.12497e+06
1.60566e+08 2.14387e+06
1.45639e+08 2.1465e+06
1.3242e+08 2.12495e+06
1.20673e+08 2.14905e+06
1.102e+08 2.13413e+06
1.00836e+08 2.12823e+06
9.24414e+07 2.13812e+06
8.48957e+07 2.14215e+06
7.8097e+07 2.11484e+06
7.19577e+07 2.11396e+06
6.64021e+07 2.09998e+06
6.13645e+07 2.13358e+06
5.67881e+07 2.13481e+06
5.26232e+07 2.10637e+06
4.88262e+07 2.10185e+06
4.53591e+07 2.14525e+06
4.21882e+07 2.09963e+06
3.92839e+07 2.11283e+06
3.66201e+07 2.09534e+06
3.41734e+07 2.12529e+06
3.19233e+07 2.13584e+06
2.98512e+07 2.14848e+06
2.79408e+07 2.13595e+06
2.61773e+07 2.14007e+06
2.45476e+07 2.12226e+06
2.304e+07 2.10693e+06
2.16436e+07 2.10528e+06
2.03491e+07 2.10637e+06
1.91477e+07 2.11797e+06
1.80317e+07 2.12497e+06
1.69939e+07 2.145e+06
1.60281e+07 2.10206e+06
1.51284e+07 2.12359e+06
1.42896e+07 2.1015e+06
1.35068e+07 2.10161e+06
1.27758e+07 2.14408e+06
1.20924e+07 2.12495e+06
1.14532e+07 2.11115e+06
1.08548e+07 2.12463e+06
1.02941e+07 2.09644e+06
9.76847e+06 2.13757e+06
9.27524e+06 2.14684e+06
8.81213e+06 2.14202e+06
8.377e+06 2.09865e+06
7.96786e+06 2.09512e+06
7.58292e+06 2.10495e+06
7.2205e+06 2.11584e+06
6.87908e+06 2.10928e+06
6.55722e+06 2.13095e+06
6.25362e+06 2.13165e+06
5.96707e+06 2.10042e+06
5.69646e+06 2.10307e+06
5.44075e+06 2.10739e+06
5.19898e+06 2.13085e+06
4.97026e+06 2.1427e+06
4.75377e+06 2.10606e+06
4.54874e+06 2.14952e+06
4.35447e+06 2.13778e+06
4.1703e+06 2.10704e+06
3.9956e+06 2.13734e+06
3.82982e+06 2.14087e+06
3.67241e+06 2.13517e+06
3.52289e+06 2.10185e+06
3.38078e+06 2.13607e+06
3.24567e+06 2.12892e+06
3.11713e+06 2.11095e+06
2.99481e+06 2.13721e+06
2.87835e+06 2.13812e+06
2.76741e+06 2.14569e+06
2.6617e+06 2.11206e+06
2.56091e+06 2.10706e+06
2.46479e+06 2.09446e+06
2.37308e+06 2.11082e+06
2.28554e+06 2.14284e+06
2.20195e+06 2.10861e+06
2.12209e+06 2.14732e+06
2.04578e+06 2.12305e+06
1.97283e+06 2.09293e+06
1.90306e+06 2.10571e+06
1.83631e+06 2.1056e+06
1.77243e+06 2.12766e+06
1.71127e+06 2.13915e+06
1.6527e+06 2.0981e+06
1.59658e+06 2.09755e+06
1.5428e+06 2.12438e+06
1.49124e+06 2.1164e+06
1.4418e+06 2.10073e+06
1.39436e+06 2.10471e+06
1.34884e+06 2.12495e+06
1.30514e+06 2.11394e+06
1.26318e+06 2.1263e+06
1.22288e+06 2.13006e+06
1.18415e+06 2.11193e+06
1.14693e+06 2.11831e+06
1.11115e+06 2.13106e+06
1.07674e+06 2.12994e+06
1.04364e+06 2.13732e+06
1.01179e+06 2.13151e+06
981130 2.11115e+06
951616 2.13481e+06
923193 2.13641e+06
895815 2.13424e+06
869435 2.12001e+06
844011 2.1464e+06
819502 2.12033e+06
795869 2.1228e+06
773074 2.13837e+06
751083 2.11084e+06
729862 2.12224e+06
709380 2.14328e+06
689605 2.14846e+06
670510 2.14146e+06
652066 2.09512e+06
634247 2.1105e+06
617028 2.09644e+06
600385 2.11752e+06
584295 2.13767e+06
568737 2.1433e+06
553690 2.1143e+06
539134 2.14316e+06
525049 2.13085e+06
511419 2.0992e+06
498225 2.12044e+06
485450 2.11149e+06
473080 2.1355e+06
461099 2.14076e+06
449493 2.10893e+06
438247 2.14592e+06
427348 2.12404e+06
416784 2.12326e+06
406542 2.12012e+06
396611 2.13869e+06
386980 2.14823e+06
377637 2.10839e+06
368573 2.11262e+06
359778 2.09249e+06
351242 2.14973e+06
342957 2.11889e+06
334912 2.11775e+06
327101 2.12879e+06
319516 2.12858e+06
312147 2.13436e+06
304989 2.12384e+06
298033 2.14466e+06
291274 2.13062e+06
284704 2.10648e+06
278318 2.12993e+06
272108 2.11564e+06
266070 2.10715e+06
260198 2.1411e+06
254486 2.13017e+06
248929 2.10285e+06
243522 2.14179e+06
238261 2.1339e+06
233140 2.15044e+06
228156 2.13997e+06
223303 2.11171e+06
218578 2.1126e+06
213977 2.1077e+06
209495 2.09755e+06
205130 2.09908e+06
200878 2.09996e+06
196734 2.10283e+06
192697 2.10029e+06
188762 2.09601e+06
184926 2.1056e+06
181187 2.12587e+06
177542 2.12587e+06
173987 2.13938e+06
170521 2.14744e+06
167140 2.10218e+06
163842 2.10872e+06
160625 2.12303e+06
157486 2.11988e+06
154423 2.14523e+06
151434 2.1046e+06
148517 2.13004e+06
145669 2.10218e+06
142889 2.12495e+06
140175 2.09898e+06
137525 2.12757e+06
134936 2.1199e+06
132408 2.09985e+06
129939 2.13755e+06
127527 2.13004e+06
125170 2.11595e+06
122868 2.14673e+06
120618 2.12655e+06
118419 2.10615e+06
116270 2.10229e+06
114169 2.1304e+06
112115 2.13015e+06
110107 2.10706e+06
108144 2.09897e+06
106224 2.11182e+06
104346 2.14399e+06
102509 2.10894e+06
100713 2.13061e+06
98955.6 2.12709e+06
97236.3 2.10659e+06
95554.1 2.13483e+06
93907.9 2.10726e+06
92297 2.13689e+06
90720.3 2.13607e+06
89177.1 2.10207e+06
87666.5 2.11945e+06
86187.6 2.11351e+06
84739.6 2.12891e+06
83321.9 2.11595e+06
81933.6 2.1314e+06
80574 2.12337e+06
79242.4 2.1479e+06
77938.1 2.12676e+06
76660.5 2.1154e+06
75408.9 2.13072e+06
74182.6 2.11316e+06
72981.1 2.11396e+06
71803.8 2.13927e+06
70650.1 2.09558e+06
69519.3 2.10161e+06
68411.1 2.1419e+06
67324.7 2.12902e+06
66259.8 2.09545e+06
65215.9 2.1154e+06
64192.3 2.13618e+06
63188.7 2.1254e+06
62204.6 2.11284e+06
61239.5 2.11943e+06
60293 2.10438e+06
59364.7 2.1314e+06
58454.1 2.12404e+06
57560.9 2.11204e+06
56684.7 2.10859e+06
55825 2.14225e+06
54981.5 2.09545e+06
54153.8 2.11262e+06
53341.7 2.09677e+06
52544.6 2.13689e+06
51762.4 2.14871e+06
50994.6 2.10772e+06
50241 2.11138e+06
49501.2 2.14215e+06
48774.9 2.14076e+06
48061.9 2.10051e+06
47361.9 2.11979e+06
46674.5 2.11979e+06
45999.5 2.097e+06
45336.6 2.09853e+06
44685.6 2.1106e+06
44046.3 2.12044e+06
43418.3 2.10859e+06
42801.4 2.1153e+06
42195.4 2.12564e+06
41600.1 2.10106e+06
41015.2 2.12248e+06
40440.6 2.10163e+06
39875.9 2.12463e+06
39321.1 2.13951e+06
38775.9 2.14041e+06
38240 2.14433e+06
37713.4 2.14293e+06
37195.8 2.11283e+06
36687 2.12913e+06
36186.8 2.12845e+06
35695.2 2.12067e+06
35211.8 2.13074e+06
34736.6 2.13129e+06
34269.4 2.13436e+06
33809.9 2.10285e+06
33358.2 2.10183e+06
32913.9 2.10793e+06
32477 2.1015e+06
32047.3 2.13324e+06
31624.7 2.14917e+06
31209 2.13961e+06
30800.1 2.11273e+06
30397.9 2.12891e+06
30002.2 2.13711e+06
29612.9 2.12292e+06
29229.9 2.11741e+06
28853 2.12282e+06
28482.2 2.14569e+06
28117.3 2.11262e+06
27758.3 2.10828e+06
27404.9 2.10163e+06
27057.2 2.1304e+06
26714.9 2.12203e+06
26378 2.11775e+06
26046.4 2.13904e+06
25720 2.1411e+06
25398.6 2.13848e+06
25082.3 2.1386e+06
24770.9 2.13038e+06
24464.3 2.13654e+06
24162.4 2.14259e+06
23865.1 2.11855e+06
23572.4 2.09699e+06
23284.1 2.1464e+06
23000.3 2.13826e+06
22720.7 2.12506e+06
22445.4 2.14512e+06
22174.2 2.10473e+06
21907.1 2.09569e+06
21644 2.14802e+06
21384.8 2.11674e+06
21129.5 2.10117e+06
20878 2.11362e+06
20630.3 2.11932e+06
20386.1 2.09996e+06
20145.6 2.10906e+06
19908.6 2.1135e+06
19675.1 2.1002e+06
19445 2.1201e+06
19218.2 2.1363e+06
18994.7 2.13006e+06
18774.5 2.11338e+06
18557.4 2.10906e+06
18343.5 2.12416e+06
18132.6 2.10207e+06
17924.7 2.13299e+06
17719.8 2.11519e+06
17517.9 2.10717e+06
17318.8 2.12393e+06
17122.5 2.13618e+06
16929 2.14788e+06
16738.2 2.1046e+06
16550 2.12902e+06
16364.5 2.15054e+06
16181.6 2.10263e+06
16001.3 2.14385e+06
15823.4 2.12089e+06
15648 2.10316e+06
15475.1 2.14686e+06
15304.5 2.1419e+06
15136.2 2.14041e+06
14970.3 2.12461e+06
14806.6 2.12529e+06
14645.1 2.10051e+06
14485.9 2.13483e+06
14328.8 2.09744e+06
14173.8 2.14663e+06
14020.9 2.11788e+06
13870 2.11788e+06
13721.2 2.11439e+06
13574.4 2.14226e+06
13429.5 2.10316e+06
13286.5 2.10904e+06
13145.5 2.14249e+06
13006.3 2.09854e+06
12868.9 2.13085e+06
12733.4 2.10108e+06
12599.6 2.11562e+06
12467.6 2.10075e+06
12337.3 2.11921e+06
12208.7 2.12689e+06
12081.7 2.14225e+06
11956.5 2.12404e+06
11832.8 2.14846e+06
11710.7 2.10815e+06
11590.2 2.11407e+06
11471.2 2.10782e+06
11353.8 2.11584e+06
11237.8 2.11831e+06
11123.3 2.14604e+06
11010.3 2.12046e+06
10898.7 2.09655e+06
10788.6 2.121e+06
10679.8 2.10395e+06
10572.3 2.11374e+06
10466.2 2.14708e+06
10361.5 2.13277e+06
10258 2.12179e+06
10155.9 2.12483e+06
10055 2.09976e+06
9955.32 2.11965e+06
9856.9 2.14192e+06
9759.7 2.1495e+06
9663.68 2.14489e+06
9568.85 2.12078e+06
9475.17 2.09689e+06
9382.64 2.14675e+06
9291.23 2.13119e+06
9200.93 2.11115e+06
9111.72 2.12314e+06
9023.59 2.12472e+06
8936.53 2.1403e+06
8850.51 2.11372e+06
8765.52 2.11463e+06
8681.55 2.11853e+06
8598.58 2.1075e+06
8516.59 2.09589e+06
8435.59 2.12012e+06
8355.54 2.13015e+06
8276.44 2.13951e+06
8198.27 2.10327e+06
8121.02 2.13618e+06
8044.68 2.12542e+06
7969.23 2.09622e+06
7894.66 2.10893e+06
7820.96 2.10427e+06
7748.12 2.13426e+06
7676.13 2.11517e+06
7604.97 2.10582e+06
7534.63 2.13689e+06
7465.1 2.10194e+06
7396.37 2.11283e+06
7328.43 2.09612e+06
7261.27 2.11327e+06
7194.87 2.11216e+06
7129.23 2.1126e+06
7064.34 2.12666e+06
7000.18 2.10482e+06
6936.75 2.09468e+06
6874.03 2.13493e+06
6812.03 2.14146e+06
6750.71 2.09534e+06
6690.09 2.14054e+06
6630.14 2.12925e+06
6570.87 2.1403e+06
6512.25 2.10316e+06
6454.29 2.11385e+06
6396.97 2.10704e+06
6340.28 2.11472e+06
6284.22 2.10682e+06
6228.78 2.10948e+06
6173.94 2.13915e+06
6119.71 2.10904e+06
6066.07 2.14709e+06
6013.02 2.13028e+06
5960.55 2.14523e+06
5908.64 2.10007e+06
5857.3 2.13711e+06
5806.52 2.10351e+06
5756.28 2.09722e+06
5706.59 2.12451e+06
5657.43 2.10837e+06
5608.8 2.12237e+06
5560.69 2.13938e+06
5513.1 2.11887e+06
5466.01 2.14169e+06
5419.42 2.12361e+06
5373.33 2.14638e+06
5327.73 2.11821e+06
5282.6 2.10517e+06
5237.96 2.11945e+06
5193.79 2.14146e+06
5150.08 2.14226e+06
5106.82 2.10053e+06
5064.03 2.11764e+06
5021.67 2.12202e+06
4979.76 2.12485e+06
4938.29 2.11327e+06
4897.25 2.11204e+06
4856.63 2.12868e+06
4816.43 2.0993e+06
4776.65 2.1339e+06
4737.27 2.09589e+06
4698.3 2.14144e+06
4659.73 2.1261e+06
4621.56 2.10706e+06
4583.77 2.1015e+06
4546.37 2.13085e+06
4509.35 2.10506e+06
4472.71 2.10661e+06
4436.43 2.13176e+06
4400.53 2.1124e+06
4364.98 2.14558e+06
4329.8 2.14811e+06
4294.97 2.10495e+06
4260.48 2.10659e+06
4226.35 2.10349e+06
4192.55 2.10915e+06
4159.09 2.14053e+06
4125.96 2.14007e+06
4093.16 2.14249e+06
4060.69 2.10817e+06
4028.54 2.11295e+06
3996.7 2.1182e+06
3965.18 2.13301e+06
3933.97 2.11463e+06
3903.07 2.12112e+06
3872.47 2.11855e+06
3842.16 2.11575e+06
3812.16 2.09963e+06
3782.44 2.14087e+06
3753.01 2.11876e+06
3723.87 2.1134e+06
3695.01 2.10972e+06
3666.44 2.10582e+06
3638.13 2.14929e+06
3610.1 2.14661e+06
3582.34 2.12519e+06
3554.84 2.11316e+06
3527.61 2.09854e+06
3500.63 2.10161e+06
3473.92 2.14169e+06
3447.46 2.13768e+06
3421.25 2.10229e+06
3395.28 2.11765e+06
3369.57 2.11071e+06
3344.09 2.12123e+06
3318.86 2.11629e+06
3293.87 2.1046e+06
3269.1 2.10893e+06
3244.58 2.12902e+06
3220.28 2.13961e+06
3196.2 2.11115e+06
3172.35 2.12226e+06
3148.73 2.10316e+06
3125.32 2.09832e+06
3102.13 2.13538e+06
3079.16 2.11922e+06
3056.39 2.14583e+06
3033.84 2.14466e+06
3011.49 2.14259e+06
2989.35 2.1004e+06
2967.42 2.11026e+06
2945.68 2.1419e+06
2924.14 2.12359e+06
2902.8 2.14399e+06
2881.65 2.11394e+06
2860.7 2.09777e+06
2839.93 2.13675e+06
2819.35 2.10839e+06
2798.96 2.09809e+06
2778.75 2.12248e+06
2758.73 2.10928e+06
2738.88 2.10783e+06
2719.21 2.13917e+06
2699.72 2.14158e+06
2680.4 2.11216e+06
2661.26 2.12721e+06
2642.29 2.11988e+06
2623.48 2.11271e+06
2604.84 2.15008e+06
2586.37 2.10717e+06
2568.06 2.11584e+06
2549.91 2.11911e+06
2531.92 2.14535e+06
2514.09 2.09875e+06
2496.42 2.09909e+06
2478.9 2.14376e+06
2461.53 2.10793e+06
2444.32 2.1253e+06
2427.25 2.10351e+06
2410.34 2.12359e+06
2393.57 2.10161e+06
2376.95 2.1441e+06
2360.47 2.13436e+06
2344.13 2.09721e+06
2327.94 2.1056e+06
2311.88 2.11048e+06
2295.97 2.12078e+06
2280.18 2.13744e+06
2264.54 2.09481e+06
2249.03 2.09677e+06
2233.65 2.10793e+06
2218.4 2.11495e+06
2203.28 2.11394e+06
2188.29 2.13654e+06
2173.43 2.09688e+06
2158.69 2.10316e+06
2144.08 2.11898e+06
2129.59 2.09974e+06
2115.23 2.1162e+06
2100.98 2.09776e+06
2086.86 2.1153e+06
2072.85 2.12483e+06
2058.96 2.12562e+06
2045.18 2.12382e+06
2031.53 2.10826e+06
2017.98 2.14316e+06
2004.55 2.13151e+06
1991.23 2.09832e+06
1978.02 2.13333e+06
1964.91 2.13711e+06
1951.92 2.10959e+06
1939.04 2.10218e+06
1926.26 2.13187e+06
1913.58 2.11216e+06
1901.01 2.14491e+06
1888.54 2.09799e+06
1876.18 2.09722e+06
1863.91 2.12666e+06
1851.75 2.14305e+06
1839.68 2.10904e+06
1827.71 2.09733e+06
1815.84 2.13208e+06
1804.07 2.1494e+06
1792.39 2.09996e+06
1780.8 2.1135e+06
1769.31 2.11048e+06
1757.91 2.10362e+06
1746.61 2.12372e+06
1735.39 2.1126e+06
1724.26 2.09919e+06
1713.23 2.13654e+06
1702.28 2.11138e+06
1691.41 2.12947e+06
1680.64 2.1015e+06
1669.95 2.13413e+06
1659.34 2.11597e+06
1648.82 2.09954e+06
1638.38 2.127e+06
1628.03 2.11922e+06
1617.75 2.1441e+06
1607.56 2.12598e+06
1597.45 2.13927e+06
1587.41 2.10726e+06
1577.46 2.1056e+06
1567.58 2.09952e+06
1557.78 2.13689e+06
1548.06 2.10128e+06
1538.41 2.1244e+06
1528.84 2.10872e+06
1519.34 2.13153e+06
1509.92 2.14802e+06
1500.56 2.10983e+06
1491.28 2.14813e+06
1482.08 2.10817e+06
1472.94 2.1322e+06
1463.87 2.14468e+06
1454.87 2.13153e+06
1445.95 2.09611e+06
1437.09 2.13028e+06
1428.29 2.12271e+06
1419.57 2.1182e+06
1410.91 2.11271e+06
1402.32 2.0971e+06
1393.79 2.1172e+06
1385.33 2.1419e+06
1376.93 2.13881e+06
1368.59 2.09567e+06
1360.32 2.11965e+06
1352.11 2.10183e+06
1343.96 2.1245e+06
1335.88 2.1208e+06
1327.85 2.12994e+06
1319.89 2.11562e+06
1311.98 2.12959e+06
1304.13 2.11954e+06
1296.34 2.096e+06
1288.61 2.14203e+06
1280.94 2.10982e+06
1273.32 2.14408e+06
1265.77 2.12203e+06
1258.26 2.13356e+06
1250.81 2.11171e+06
1243.42 2.0982e+06
1236.08 2.12384e+06
1228.8 2.09854e+06
1221.57 2.10593e+06
1214.39 2.14813e+06
1207.26 2.14098e+06
1200.19 2.10484e+06
1193.17 2.11418e+06
1186.2 2.09644e+06
1179.28 2.12269e+06
1172.41 2.13652e+06
1165.59 2.11698e+06
1158.82 2.09832e+06
1152.1 2.10739e+06
1145.43 2.13641e+06
1138.81 2.09996e+06
1132.23 2.10161e+06
1125.7 1.49812e+06
1119.22 1.47107e+06
1112.79 1.49405e+06
1106.4 1.99221e+06
1100.06 1.98627e+06
1093.76 1.99878e+06
1087.51 2.04807e+06
1081.3 2.04577e+06
1075.13 2.05798e+06
1069.01 988021
1062.94 989953
1056.9 984956
1050.91 2.14904e+06
1044.97 2.10172e+06
1039.06 2.13641e+06
1033.19 2.02755e+06
1027.37 2.03229e+06
1021.59 1.95635e+06
1015.85 2.09876e+06
1010.15 2.13574e+06
1004.48 2.11385e+06
998.862 1.3031e+06
993.28 1.30203e+06
987.736 1.28247e+06
982.231 1.09294e+06
976.764 1.09112e+06
971.335 990860
965.944 1.97625e+06
960.59 1.66172e+06
955.273 1.03208e+06
949.993 1.81277e+06
944.75 1.78295e+06
939.542 1.7514e+06
934.37 1.32477e+06
929.234 1.32596e+06
924.133 1.31044e+06
919.067 944540
914.036 943710
909.039 946121
904.076 199870
899.147 199792
894.251 200089
889.389 158478
884.559 158660
879.763 158741
874.999 200071
870.267 200154
865.567 200162
860.898 260066
856.261 185862
851.656 185972
847.081 75263.1
842.537 75315.8
838.023 75301.5
833.539 312583
829.086 312468
824.662 161467
820.267 453227
815.902 431638
811.566 433002
807.258 93715.9
802.979 93696.4
798.729 93764.9
794.506 25392.4
790.311 20444.3
786.144 20440.9
782.005 20434.9
777.892 20428.1
773.807 20435
769.748 20430.8
765.716 20436.7
761.71 388289
757.731 374995
753.777 192048
749.849 28987.5
745.947 28988
742.07 29001.1
738.218 27926.1
734.391 28084
730.589 23074.6
726.811 23084.7
723.058 31680.8
719.329 31678.1
715.624 17498.3
711.942 17489.4
708.285 17498.4
704.651 48137.7
701.04 48165.4
697.452 48154.1
693.887 31408.8
690.345 31399.5
686.826 13712.8
683.329 13712.3
679.854 13704
676.401 13702.1
672.97 13847.6
669.56 13846.1
666.173 10441.6
662.806 9821.68
659.461 19317.3
656.137 19306.1
652.834 17481.3
649.552 6993.83
646.29 6763.77
643.049 14344.1
639.828 9207.88
636.627 2690.46
633.446 2508.07
630.285 7374.21
627.144 4744.95
624.022 4657.2
620.919 4597.67
617.836 1928.88
614.772 1791.77
611.727 23926.7
608.701 24347.9
605.693 24288.5
602.704 24067.7
599.734 24256.9
596.781 1530.77
593.847 1293.82
590.931 4986.39
588.032 4990.62
585.152 4985.97
582.289 4989.81
579.443 4989.82
576.615 4988.62
573.804 4986.67
571.01 4986.15
568.234 4986.56
565.474 4987.2
562.73 4989.64
560.004 4990.85
557.294 4680.33
554.6 4672.15
551.922 342.846
549.261 253.283
546.616 2690.3
543.986 2689.87
541.372 2689.91
538.774 2690.65
536.192 1958.13
533.625 1958.08
531.073 1956.12
528.537 1956.92
526.016 1956.91
523.509 1957.92
521.018 1958.48
518.541 1955.8
516.08 1957.52
513.632 1957.87
511.199 1957.79
508.781 1957.52
506.377 33.3022
503.987 38.6619
501.611 30.6542
499.249 26.5776
496.901 26.2511
494.567 28.8057
492.246 21.3027
489.939 21.3509
487.646 21.8622
485.366 0
483.099 0
480.845 0
478.605 0
476.378 0
474.163 0
471.962 0
469.773 0
467.597 0
465.433 0
463.282 0
461.143 0
459.017 0
456.903 0
454.801 0
452.711 0
450.633 0
448.567 0
446.513 0
444.47 0
442.44 0
440.421 0
438.413 0
436.417 0
434.432 0
432.458 0
430.496 0
428.544 0
426.604 0
424.675 0
422.756 0
420.849 0
418.952 0
417.066 0
415.19 0
413.325 0
411.47 0
409.626 0
407.792 0
405.968 0
404.155 0
402.352 0
400.558 0
398.775 0
397.002 0
395.238 0
393.484 0
391.74 0
390.006 0
388.281 0
386.566 0
384.86 0
383.163 0
381.476 0
379.798 0
378.13 0
376.47 0
374.82 0
373.178 0
371.546 0
369.922 0
368.308 0
366.702 0
365.105 0
363.516 0
361.937 0
360.365 0
358.803 0
357.249 0
355.703 0
354.165 0
352.636 0
351.115 0
349.602 0
348.098 0
346.601 0
345.113 0
343.632 0
342.16 0
340.695 0
339.238 0
337.789 0
336.348 0
334.914 0
333.488 0
332.069 0
330.658 0
329.255 0
327.859 0
326.47 0
325.089 0
323.715 0
322.348 0
320.989 0
319.636 0
318.291 0
316.953 0
315.622 0
314.297 0
312.98 0
311.67 0
310.366 0
309.07 0
307.78 8.74496e-322
306.496 8.74496e-322
305.22 8.74496e-322
303.95 8.74496e-322
302.687 8.74496e-322
301.43 8.74496e-322
300.18 8.74496e-322
298.936 8.74496e-322
297.698 8.74496e-322
296.467 8.74496e-322
295.243 8.74496e-322
294.025 8.74496e-322
292.813 8.74496e-322
291.607 8.74496e-322
290.407 8.74496e-322
289.214 8.74496e-322
288.027 8.74496e-322
286.845 8.74496e-322
285.67 8.74496e-322
284.501 8.74496e-322
283.338 8.74496e-322
282.181 8.74496e-322
281.029 8.74496e-322
279.884 8.74496e-322
278.744 8.74496e-322
277.61 8.74496e-322
276.482 8.74496e-322
275.36 8.74496e-322
274.243 8.74496e-322
273.132 8.74496e-322
272.027 8.74496e-322
270.927 8.74496e-322
269.833 8.74496e-322
268.744 8.74496e-322
267.661 8.74496e-322
266.583 8.74496e-322
265.511 8.74496e-322
264.444 8.74496e-322
263.382 8.74496e-322
262.326 8.74496e-322
261.275 8.74496e-322
260.229 8.74496e-322
259.188 8.74496e-322
258.153 8.74496e-322
257.123 8.74496e-322
256.098 8.74496e-322
255.078 8.74496e-322
254.063 8.74496e-322
253.053 8.74496e-322
252.048 8.74496e-322
251.048 8.74496e-322
250.053 8.74496e-322
249.064 8.74496e-322
248.078 8.74496e-322
247.098 8.74496e-322
246.123 8.74496e-322
245.152 8.74496e-322
244.186 8.74496e-322
243.225 8.74496e-322
242.269 8.74496e-322
241.317 8.74496e-322
240.371 8.74496e-322
239.428 8.74496e-322
238.49 8.74496e-322
237.557 8.74496e-322
236.629 8.74496e-322
235.705 8.74496e-322
234.785 8.74496e-322
233.87 8.74496e-322
232.96 8.74496e-322
232.053 8.74496e-322
231.152 8.74496e-322
230.254 8.74496e-322
229.361 8.74496e-322
228.473 8.74496e-322
227.588 8.74496e-322
226.708 8.74496e-322
225.832 8.74496e-322
224.96 8.74496e-322
224.093 8.74496e-322
223.23 8.74496e-322
222.37 8.74496e-322
221.515 8.74496e-322
220.665 8.74496e-322
219.818 8.74496e-322
218.975 8.74496e-322
218.136 8.74496e-322
217.302 8.74496e-322
216.471 8.74496e-322
215.644 8.74496e-322
214.821 8.74496e-322
214.002 8.74496e-322
213.187 8.74496e-322
212.376 8.74496e-322
211.569 8.74496e-322
210.765 8.74496e-322
209.966 8.74496e-322
209.17 8.74496e-322
208.378 8.74496e-322
207.59 8.74496e-322
206.805 8.74496e-322
206.024 8.74496e-322
205.247 8.74496e-322
204.473 8.74496e-322
203.703 8.74496e-322
202.937 8.74496e-322
202.174 8.74496e-322
201.415 8.74496e-322
200.66 8.74496e-322
199.908 8.74496e-322
199.159 8.74496e-322
198.414 8.74496e-322
197.673 8.74496e-322
196.934 8.74496e-322
196.2 8.74496e-322
195.469 8.74496e-322
194.741 8.74496e-322
194.016 8.74496e-322
193.295 8.74496e-322
192.578 8.74496e-322
191.863 8.74496e-322
191.152 8.74496e-322
190.444 8.74496e-322
189.74 8.74496e-322
189.039 8.74496e-322
188.341 8.74496e-322
187.646 8.74496e-322
186.954 8.74496e-322
186.266 8.74496e-322
185.581 8.74496e-322
184.898 8.74496e-322
184.219 8.74496e-322
183.544 8.74496e-322
182.871 8.74496e-322
182.201 8.74496e-322
181.535 8.74496e-322
180.871 8.74496e-322
180.21 8.74496e-322
179.553 8.74496e-322
178.898 8.74496e-322
178.247 8.74496e-322
177.598 8.74496e-322
176.953 8.74496e-322
176.31 8.74496e-322
175.67 8.74496e-322
175.033 8.74496e-322
174.399 8.74496e-322
173.768 8.74496e-322
173.14 8.74496e-322
172.514 8.74496e-322
171.891 8.74496e-322
171.272 8.74496e-322
170.655 8.74496e-322
170.04 8.74496e-322
169.429 8.74496e-322
168.82 8.74496e-322
168.214 8.74496e-322
167.611 8.74496e-322
167.01 8.74496e-322
166.412 8.74496e-322
165.817 8.74496e-322
165.224 8.74496e-322
164.634 8.74496e-322
164.047 8.74496e-322
163.462 8.74496e-322
162.88 8.74496e-322
162.301 8.74496e-322
161.724 8.74496e-322
161.149 8.74496e-322
160.578 8.74496e-322
160.008 8.74496e-322
159.442 8.74496e-322
158.877 8.74496e-322
158.315 8.74496e-322
157.756 8.74496e-322
157.199 8.74496e-322
156.645 8.74496e-322
156.093 8.74496e-322
155.544 8.74496e-322
154.996 8.74496e-322
154.452 8.74496e-322
153.909 8.74496e-322
153.37 8.74496e-322
152.832 8.74496e-322
152.297 8.74496e-322
151.764 8.74496e-322
151.233 8.74496e-322
150.705 8.74496e-322
150.179 8.74496e-322
149.656 8.74496e-322
149.134 8.74496e-322
148.615 8.74496e-322
148.098 8.74496e-322
147.584 8.74496e-322
147.072 8.74496e-322
146.561 8.74496e-322
146.054 8.74496e-322
145.548 8.74496e-322
145.044 8.74496e-322
144.543 8.74496e-322
144.044 8.74496e-322
143.547 8.74496e-322
143.052 8.74496e-322
142.559 8.74496e-322
142.068 8.74496e-322
141.58 8.74496e-322
141.093 8.74496e-322
140.609 8.74496e-322
140.127 8.74496e-322
139.647 8.74496e-322
139.169 8.74496e-322
138.692 8.74496e-322
138.218 8.74496e-322
137.746 8.74496e-322
137.276 8.74496e-322
136.808 8.74496e-322
136.342 8.74496e-322
135.878 8.74496e-322
135.416 8.74496e-322
134.956 8.74496e-322
134.498 8.74496e-322
134.042 8.74496e-322
133.587 8.74496e-322
133.135 8.74496e-322
132.684 8.74496e-322
132.236 8.74496e-322
131.789 8.74496e-322
131.344 8.74496e-322
130.902 8.74496e-322
130.461 8.74496e-322
130.021 8.74496e-322
129.584 8.74496e-322
129.148 8.74496e-322
128.715 8.74496e-322
128.283 8.74496e-322
127.853 8.74496e-322
127.425 8.74496e-322
126.998 8.74496e-322
126.574 8.74496e-322
126.151 8.74496e-322
125.73 8.74496e-322
125.31 8.74496e-322
124.893 8.74496e-322
124.477 8.74496e-322
124.062 8.74496e-322
123.65 8.74496e-322
123.239 8.74496e-322
122.83 8.74496e-322
122.423 8.74496e-322
122.017 8.74496e-322
121.613 8.74496e-322
121.211 8.74496e-322
120.81 8.74496e-322
120.411 8.74496e-322
120.014 8.74496e-322
119.618 8.74496e-322
119.224 8.74496e-322
118.832 8.74496e-322
118.441 8.74496e-322
118.052 8.74496e-322
117.664 8.74496e-322
117.278 8.74496e-322
116.894 8.74496e-322
116.511 8.74496e-322
116.13 8.74496e-322
115.75 8.74496e-322
115.372 8.74496e-322
114.995 8.74496e-322
114.62 8.74496e-322
114.246 8.74496e-322
113.874 8.74496e-322
113.504 8.74496e-322
113.134 8.74496e-322
112.767 8.74496e-322
112.401 8.74496e-322
112.036 8.74496e-322
111.673 8.74496e-322
111.312 8.74496e-322
110.951 8.74496e-322
110.593 8.74496e-322
110.235 8.74496e-322
109.88 8.74496e-322
109.525 8.74496e-322
109.172 8.74496e-322
108.821 8.74496e-322
108.47 8.74496e-322
108.122 8.74496e-322
107.774 8.74496e-322
107.428 8.74496e-322
107.084 8.74496e-322
106.741 8.74496e-322
106.399 8.74496e-322
106.059 8.74496e-322
105.719 8.74496e-322
105.382 8.74496e-322
105.045 8.74496e-322
104.71 8.74496e-322
104.377 8.74496e-322
104.044 8.74496e-322
103.713 8.74496e-322
103.384 8.74496e-322
103.055 8.74496e-322
102.728 8.74496e-322
102.402 8.74496e-322
102.078 8.74496e-322
101.754 8.74496e-322
101.432 8.74496e-322
101.112 8.74496e-322
100.792 8.74496e-322
100.474 8.74496e-322
100.157 8.74496e-322
99.8416 8.74496e-322
99.5272 8.74496e-322
99.214 8.74496e-322
98.9021 8.74496e-322
98.5913 8.74496e-322
98.2818 8.74496e-322
97.9735 8.74496e-322
97.6665 8.74496e-322
97.3606 8.74496e-322
97.0559 8.74496e-322
96.7524 8.74496e-322
96.4501 8.74496e-322
96.1489 8.74496e-322
95.849 8.74496e-322
95.5502 8.74496e-322
95.2526 8.74496e-322
94.9561 8.74496e-322
94.6608 8.74496e-322
94.3666 8.74496e-322
94.0736 8.74496e-322
93.7817 8.74496e-322
93.4909 8.74496e-322
93.2013 8.74496e-322
92.9128 8.74496e-322
92.6254 8.74496e-322
92.3391 8.74496e-322
92.0539 8.74496e-322
91.7698 8.74496e-322
91.4868 8.74496e-322
91.2049 8.74496e-322
90.9241 8.74496e-322
90.6444 8.74496e-322
90.3657 8.74496e-322
90.0882 8.74496e-322
89.8116 8.74496e-322
89.5362 8.74496e-322
89.2618 8.74496e-322
88.9884 8.74496e-322
88.7161 8.74496e-322
88.4448 8.74496e-322
88.1746 8.74496e-322
87.9054 8.74496e-322
87.6372 8.74496e-322
87.37 8.74496e-322
87.1039 8.74496e-322
86.8388 8.74496e-322
86.5747 8.74496e-322
86.3115 8.74496e-322
86.0494 8.74496e-322
85.7883 8.74496e-322
85.5282 8.74496e-322
85.269 8.74496e-322
85.0109 8.74496e-322
84.7537 8.74496e-322
84.4974 8.74496e-322
84.2422 8.74496e-322
83.9879 8.74496e-322
83.7346 8.74496e-322
83.4822 8.74496e-322
83.2308 8.74496e-322
82.9803 8.74496e-322
82.7308 8.74496e-322
82.4822 8.74496e-322
82.2345 8.74496e-322
81.9877 8.74496e-322
81.7419 8.74496e-322
81.497 8.74496e-322
81.2531 8.74496e-322
81.01 8.74496e-322
80.7678 8.74496e-322
80.5266 8.74496e-322
80.2862 8.74496e-322
80.0468 8.74496e-322
79.8082 8.74496e-322
79.5705 8.74496e-322
79.3337 8.74496e-322
79.0978 8.74496e-322
78.8628 8.74496e-322
78.6286 8.74496e-322
78.3953 8.74496e-322
78.1629 8.74496e-322
77.9313 8.74496e-322
77.7006 8.74496e-322
77.4707 8.74496e-322
77.2417 8.74496e-322
77.0136 8.74496e-322
76.7862 8.74496e-322
76.5597 8.74496e-322
76.3341 8.74496e-322
76.1093 8.74496e-322
75.8853 8.74496e-322
75.6621 8.74496e-322
75.4398 8.74496e-322
75.2182 8.74496e-322
74.9975 8.74496e-322
74.7776 8.74496e-322
74.5585 8.74496e-322
74.3402 8.74496e-322
74.1227 8.74496e-322
73.9059 8.74496e-322
73.69 8.74496e-322
73.4749 8.74496e-322
73.2605 8.74496e-322
73.047 8.74496e-322
72.8342 8.74496e-322
72.6222 8.74496e-322
72.4109 8.74496e-322
72.2004 8.74496e-322
71.9907 8.74496e-322
71.7818 8.74496e-322
71.5736 8.74496e-322
71.3661 8.74496e-322
71.1594 8.74496e-322
70.9535 8.74496e-322
70.7483 8.74496e-322
70.5438 8.74496e-322
70.3401 8.74496e-322
70.1371 8.74496e-322
69.9349 8.74496e-322
69.7334 8.74496e-322
69.5326 8.74496e-322
69.3325 8.74496e-322
69.1331 8.74496e-322
68.9345 8.74496e-322
68.7365 8.74496e-322
68.5393 8.74496e-322
68.3428 8.74496e-322
68.147 8.74496e-322
67.9519 8.74496e-322
67.7575 8.74496e-322
67.5638 8.74496e-322
67.3707 8.74496e-322
67.1784 8.74496e-322
66.9868 8.74496e-322
66.7958 8.74496e-322
66.6055 8.74496e-322
66.4159 8.74496e-322
66.227 8.74496e-322
66.0387 8.74496e-322
65.8511 8.74496e-322
65.6642 8.74496e-322
65.4779 8.74496e-322
65.2923 8.74496e-322
65.1073 8.74496e-322
64.923 8.74496e-322
64.7394 8.74496e-322
64.5564 8.74496e-322
64.3741 8.74496e-322
64.1924 8.74496e-322
64.0113 8.74496e-322
63.8309 8.74496e-322
63.6511 8.74496e-322
63.4719 8.74496e-322
63.2934 8.74496e-322
63.1155 8.74496e-322
62.9382 8.74496e-322
62.7615 8.74496e-322
62.5855 8.74496e-322
62.4101 8.74496e-322
62.2353 8.74496e-322
62.0611 8.74496e-322
61.8875 8.74496e-322
61.7145 8.74496e-322
61.5421 8.74496e-322
61.3704 8.74496e-322
61.1992 8.74496e-322
61.0286 8.74496e-322
60.8586 8.74496e-322
60.6892 8.74496e-322
60.5204 8.74496e-322
60.3522 8.74496e-322
60.1846 8.74496e-322
60.0175 8.74496e-322
59.851 8.74496e-322
59.6851 8.74496e-322
59.5198 8.74496e-322
59.3551 8.74496e-322
59.1909 8.74496e-322
59.0273 8.74496e-322
58.8642 8.74496e-322
58.7017 8.74496e-322
58.5398 8.74496e-322
58.3784 8.74496e-322
58.2176 8.74496e-322
58.0574 8.74496e-322
57.8977 8.74496e-322
57.7385 8.74496e-322
57.5799 8.74496e-322
57.4218 8.74496e-322
57.2643 8.74496e-322
57.1073 8.74496e-322
56.9509 8.74496e-322
56.7949 8.74496e-322
56.6396 8.74496e-322
56.4847 8.74496e-322
56.3304 8.74496e-322
56.1766 8.74496e-322
56.0233 8.74496e-322
55.8706 8.74496e-322
55.7184 8.74496e-322
55.5666 8.74496e-322
55.4155 8.74496e-322
55.2648 8.74496e-322
55.1146 8.74496e-322
54.9649 8.74496e-322
54.8158 8.74496e-322
54.6672 8.74496e-322
54.519 8.74496e-322
54.3714 8.74496e-322
54.2242 8.74496e-322
54.0776 8.74496e-322
53.9314 8.74496e-322
53.7858 8.74496e-322
53.6406 8.74496e-322
53.4959 8.74496e-322
53.3518 8.74496e-322
53.2081 8.74496e-322
53.0648 8.74496e-322
52.9221 8.74496e-322
52.7798 8.74496e-322
52.6381 8.74496e-322
52.4968 8.74496e-322
52.3559 8.74496e-322
52.2156 8.74496e-322
52.0757 8.74496e-322
51.9363 8.74496e-322
51.7973 8.74496e-322
51.6588 8.74496e-322
51.5208 8.74496e-322
51.3832 8.74496e-322
51.2461 8.74496e-322
51.1095 8.74496e-322
50.9733 8.74496e-322
50.8375 8.74496e-322
50.7022 8.74496e-322
50.5674 8.74496e-322
50.433 8.74496e-322
50.2991 8.74496e-322
50.1656 8.74496e-322
50.0325 8.74496e-322
49.8999 8.74496e-322
49.7677 8.74496e-322
49.636 8.74496e-322
49.5047 8.74496e-322
49.3738 8.74496e-322
49.2433 8.74496e-322
49.1133 8.74496e-322
48.9838 8.74496e-322
48.8546 8.74496e-322
48.7259 8.74496e-322
48.5976 8.74496e-322
48.4697 8.74496e-322
48.3422 8.74496e-322
48.2152 8.74496e-322
48.0885 8.74496e-322
47.9623 8.74496e-322
47.8365 8.74496e-322
47.7112 8.74496e-322
47.5862 8.74496e-322
47.4616 8.74496e-322
47.3375 8.74496e-322
47.2137 8.74496e-322
47.0903 8.74496e-322
46.9674 8.74496e-322
46.8449 8.74496e-322
46.7227 8.74496e-322
46.601 8.74496e-322
46.4796 8.74496e-322
46.3586 8.74496e-322
46.2381 8.74496e-322
46.1179 8.74496e-322
45.9981 8.74496e-322
45.8787 8.74496e-322
45.7597 8.74496e-322
45.6411 8.74496e-322
45.5229 8.74496e-322
45.405 8.74496e-322
45.2875 8.74496e-322
45.1704 8.74496e-322
45.0537 8.74496e-322
44.9374 8.74496e-322
44.8214 8.74496e-322
44.7058 8.74496e-322
44.5906 8.74496e-322
44.4758 8.74496e-322
44.3613 8.74496e-322
44.2472 8.74496e-322
44.1334 8.74496e-322
44.0201 8.74496e-322
43.9071 8.74496e-322
43.7944 8.74496e-322
43.6821 8.74496e-322
43.5702 8.74496e-322
43.4586 8.74496e-322
43.3474 8.74496e-322
43.2365 8.74496e-322
43.126 8.74496e-322
43.0159 8.74496e-322
42.9061 8.74496e-322
42.7966 8.74496e-322
42.6875 8.74496e-322
42.5788 8.74496e-322
42.4704 8.74496e-322
42.3623 8.74496e-322
42.2546 8.74496e-322
42.1472 8.74496e-322
42.0402 8.74496e-322
41.9335 8.74496e-322
41.8271 8.74496e-322
41.7211 8.74496e-322
41.6154 8.74496e-322
41.51 8.74496e-322
41.405 8.74496e-322
41.3003 8.74496e-322
41.196 8.74496e-322
41.0919 8.74496e-322
40.9882 8.74496e-322
40.8849 8.74496e-322
40.7818 8.74496e-322
40.6791 8.74496e-322
40.5767 8.74496e-322
40.4746 8.74496e-322
40.3729 8.74496e-322
40.2714 8.74496e-322
40.1703 8.74496e-322
40.0695 8.74496e-322
39.969 8.74496e-322
39.8689 8.74496e-322
39.769 8.74496e-322
39.6695 8.74496e-322
39.5702 8.74496e-322
39.4713 8.74496e-322
39.3727 8.74496e-322
39.2744 8.74496e-322
39.1764 8.74496e-322
39.0787 8.74496e-322
38.9813 8.74496e-322
38.8842 8.74496e-322
38.7874 8.74496e-322
38.6909 8.74496e-322
38.5947 8.74496e-322
38.4989 8.74496e-322
38.4033 8.74496e-322
38.308 8.74496e-322
38.213 8.74496e-322
38.1183 8.74496e-322
38.0239 8.74496e-322
37.9298 8.74496e-322
37.8359 8.74496e-322
37.7424 8.74496e-322
37.6491 8.74496e-322
37.5562 8.74496e-322
37.4635 8.74496e-322
37.3711 8.74496e-322
37.279 8.74496e-322
37.1872 8.74496e-322
37.0957 8.74496e-322
37.0044 8.74496e-322
36.9134 8.74496e-322
36.8227 8.74496e-322
36.7323 8.74496e-322
36.6422 8.74496e-322
36.5523 8.74496e-322
36.4627 8.74496e-322
36.3734 8.74496e-322
36.2844 8.74496e-322
36.1956 8.74496e-322
36.1071 8.74496e-322
36.0189 8.74496e-322
35.9309 8.74496e-322
35.8432 8.74496e-322
35.7558 8.74496e-322
35.6687 8.74496e-322
35.5818 8.74496e-322
35.4952 8.74496e-322
35.4088 8.74496e-322
35.3227 8.74496e-322
35.2369 8.74496e-322
35.1513 8.74496e-322
35.066 8.74496e-322
34.9809 8.74496e-322
34.8961 8.74496e-322
34.8116 8.74496e-322
34.7273 8.74496e-322
34.6432 8.74496e-322
34.5595 8.74496e-322
34.4759 8.74496e-322
34.3926 8.74496e-322
34.3096 8.74496e-322
34.2269 8.74496e-322
34.1443 8.74496e-322
34.0621 8.74496e-322
33.98 8.74496e-322
33.8982 8.74496e-322
33.8167 8.74496e-322
33.7354 8.74496e-322
33.6544 8.74496e-322
33.5736 8.74496e-322
33.493 8.74496e-322
33.4127 8.74496e-322
33.3326 8.74496e-322
33.2528 8.74496e-322
33.1732 8.74496e-322
33.0938 8.74496e-322
33.0147 8.74496e-322
32.9358 8.74496e-322
32.8572 8.74496e-322
32.7787 8.74496e-322
32.7006 8.74496e-322
32.6226 8.74496e-322
32.5449 8.74496e-322
32.4674 8.74496e-322
32.3901 8.74496e-322
32.3131 8.74496e-322
32.2363 8.74496e-322
32.1597 8.74496e-322
32.0834 8.74496e-322
32.0073 8.74496e-322
31.9314 8.74496e-322
31.8557 8.74496e-322
31.7803 8.74496e-322
31.7051 8.74496e-322
31.6301 8.74496e-322
31.5553 8.74496e-322
31.4807 8.74496e-322
31.4064 8.74496e-322
31.3323 8.74496e-322
31.2584 8.74496e-322
31.1847 8.74496e-322
31.1112 8.74496e-322
31.038 8.74496e-322
30.965 8.74496e-322
30.8922 8.74496e-322
30.8196 8.74496e-322
30.7472 8.74496e-322
30.675 8.74496e-322
30.603 8.74496e-322
30.5313 8.74496e-322
30.4597 8.74496e-322
30.3884 8.74496e-322
30.3173 8.74496e-322
30.2463 8.74496e-322
30.1756 8.74496e-322
30.1051 8.74496e-322
30.0348 8.74496e-322
29.9647 8.74496e-322
29.8949 8.74496e-322
29.8252 8.74496e-322
29.7557 8.74496e-322
29.6864 8.74496e-322
29.6173 8.74496e-322
29.5484 8.74496e-322
29.4798 8.74496e-322
29.4113 8.74496e-322
29.343 8.74496e-322
29.2749 8.74496e-322
29.207 8.74496e-322
29.1394 8.74496e-322
29.0719 8.74496e-322
29.0046 8.74496e-322
28.9375 8.74496e-322
28.8706 8.74496e-322
28.8038 8.74496e-322
28.7373 8.74496e-322
28.671 8.74496e-322
28.6049 8.74496e-322
28.5389 8.74496e-322
28.4732 8.74496e-322
28.4076 8.74496e-322
28.3422 8.74496e-322
28.277 8.74496e-322
28.212 8.74496e-322
28.1472 8.74496e-322
28.0826 8.74496e-322
28.0181 8.74496e-322
27.9538 8.74496e-322
27.8898 8.74496e-322
27.8259 8.74496e-322
27.7622 8.74496e-322
27.6986 8.74496e-322
27.6353 8.74496e-322
27.5721 8.74496e-322
27.5091 8.74496e-322
27.4463 8.74496e-322
27.3837 8.74496e-322
27.3212 8.74496e-322
27.259 8.74496e-322
27.1969 8.74496e-322
27.135 8.74496e-322
27.0732 8.74496e-322
27.0117 8.74496e-322
26.9503 8.74496e-322
26.8891 8.74496e-322
26.828 8.74496e-322
26.7671 8.74496e-322
26.7064 8.74496e-322
26.6459 8.74496e-322
26.5856 8.74496e-322
26.5254 8.74496e-322
26.4654 8.74496e-322
26.4055 8.74496e-322
26.3458 8.74496e-322
26.2863 8.74496e-322
26.227 8.74496e-322
26.1678 8.74496e-322
26.1088 8.74496e-322
26.05 8.74496e-322
25.9913 8.74496e-322
25.9328 8.74496e-322
25.8745 8.74496e-322
25.8163 8.74496e-322
25.7583 8.74496e-322
25.7004 8.74496e-322
25.6427 8.74496e-322
25.5852 8.74496e-322
25.5278 8.74496e-322
25.4706 8.74496e-322
25.4136 8.74496e-322
25.3567 8.74496e-322
25.3 8.74496e-322
25.2434 8.74496e-322
25.187 8.74496e-322
25.1307 8.74496e-322
25.0747 8.74496e-322
25.0187 8.74496e-322
24.9629 8.74496e-322
24.9073 8.74496e-322
24.8518 8.74496e-322
24.7965 8.74496e-322
24.7413 8.74496e-322
24.6863 8.74496e-322
24.6315 8.74496e-322
24.5768 8.74496e-322
24.5222 8.74496e-322
24.4678 8.74496e-322
24.4135 8.74496e-322
24.3594 8.74496e-322
24.3055 8.74496e-322
24.2517 8.74496e-322
24.198 8.74496e-322
24.1445 8.74496e-322
24.0912 8.74496e-322
24.038 8.74496e-322
23.9849 8.74496e-322
23.932 8.74496e-322
23.8792 8.74496e-322
23.8266 8.74496e-322
23.7741 8.74496e-322
23.7218 8.74496e-322
23.6696 8.74496e-322
23.6175 8.74496e-322
23.5656 8.74496e-322
23.5138 8.74496e-322
23.4622 8.74496e-322
23.4107 8.74496e-322
23.3594 8.74496e-322
23.3082 8.74496e-322
23.2571 8.74496e-322
23.2062 8.74496e-322
23.1554 8.74496e-322
23.1048 8.74496e-322
23.0543 8.74496e-322
23.0039 8.74496e-322
22.9537 8.74496e-322
22.9036 8.74496e-322
22.8536 8.74496e-322
22.8038 8.74496e-322
22.7541 8.74496e-322
22.7046 8.74496e-322
22.6552 8.74496e-322
22.6059 8.74496e-322
22.5568 8.74496e-322
22.5078 8.74496e-322
22.4589 8.74496e-322
22.4101 8.74496e-322
22.3615 8.74496e-322
22.313 8.74496e-322
22.2647 8.74496e-322
22.2165 8.74496e-322
22.1684 8.74496e-322
22.1204 8.74496e-322
22.0726 8.74496e-322
22.0249 8.74496e-322
21.9773 8.74496e-322
21.9299 8.74496e-322
21.8826 8.74496e-322
21.8354 8.74496e-322
21.7883 8.74496e-322
21.7414 8.74496e-322
21.6946 8.74496e-322
21.6479 8.74496e-322
21.6013 8.74496e-322
21.5549 8.74496e-322
21.5086 8.74496e-322
21.4624 8.74496e-322
21.4164 8.74496e-322
21.3704 8.74496e-322
21.3246 8.74496e-322
21.2789 8.74496e-322
21.2334 8.74496e-322
21.1879 8.74496e-322
21.1426 8.74496e-322
21.0974 8.74496e-322
21.0523 8.74496e-322
21.0074 8.74496e-322
20.9625 8.74496e-322
20.9178 8.74496e-322
20.8732 8.74496e-322
20.8287 8.74496e-322
20.7843 8.74496e-322
20.7401 8.74496e-322
20.696 8.74496e-322
20.652 8.74496e-322
20.6081 8.74496e-322
20.5643 8.74496e-322
20.5206 8.74496e-322
20.4771 8.74496e-322
20.4336 8.74496e-322
20.3903 8.74496e-322
20.3471 8.74496e-322
20.304 8.74496e-322
20.2611 8.74496e-322
20.2182 8.74496e-322
20.1755 8.74496e-322
20.1328 8.74496e-322
20.0903 8.74496e-322
20.0479 8.74496e-322
20.0056 8.74496e-322
19.9634 8.74496e-322
19.9213 8.74496e-322
19.8794 8.74496e-322
19.8375 8.74496e-322
19.7958 8.74496e-322
19.7542 8.74496e-322
19.7126 8.74496e-322
19.6712 8.74496e-322
19.6299 8.74496e-322
19.5887 8.74496e-322
19.5476 8.74496e-322
19.5066 8.74496e-322
19.4658 8.74496e-322
19.425 8.74496e-322
19.3843 8.74496e-322
19.3438 8.74496e-322
19.3033 8.74496e-322
19.263 8.74496e-322
19.2228 8.74496e-322
19.1826 8.74496e-322
19.1426 8.74496e-322
19.1027 8.74496e-322
19.0629 8.74496e-322
19.0231 8.74496e-322
18.9835 8.74496e-322
18.944 8.74496e-322
18.9046 8.74496e-322
18.8653 8.74496e-322
18.8261 8.74496e-322
18.787 8.74496e-322
18.748 8.74496e-322
18.7091 8.74496e-322
18.6703 8.74496e-322
18.6316 8.74496e-322
18.593 8.74496e-322
18.5545 8.74496e-322
18.5161 8.74496e-322
18.4778 8.74496e-322
18.4396 8.74496e-322
18.4015 8.74496e-322
18.3635 8.74496e-322
18.3256 8.74496e-322
18.2878 8.74496e-322
18.2501 8.74496e-322
18.2125 8.74496e-322
18.175 8.74496e-322
18.1376 8.74496e-322
18.1003 8.74496e-322
18.063 8.74496e-322
18.0259 8.74496e-322
17.9889 8.74496e-322
17.9519 8.74496e-322
17.9151 8.74496e-322
17.8783 8.74496e-322
17.8417 8.74496e-322
17.8051 8.74496e-322
17.7686 8.74496e-322
17.7323 8.74496e-322
17.696 8.74496e-322
17.6598 8.74496e-322
17.6237 8.74496e-322
17.5877 8.74496e-322
17.5518 8.74496e-322
17.516 8.74496e-322
17.4802 8.74496e-322
17.4446 8.74496e-322
17.409 8.74496e-322
17.3736 8.74496e-322
17.3382 8.74496e-322
17.3029 8.74496e-322
17.2678 8.74496e-322
17.2327 8.74496e-322
17.1976 8.74496e-322
17.1627 8.74496e-322
17.1279 8.74496e-322
17.0932 8.74496e-322
17.0585 8.74496e-322
17.0239 8.74496e-322
16.9895 8.74496e-322
16.9551 8.74496e-322
16.9208 8.74496e-322
16.8865 8.74496e-322
16.8524 8.74496e-322
16.8184 8.74496e-322
16.7844 8.74496e-322
16.7505 8.74496e-322
16.7167 8.74496e-322
16.683 8.74496e-322
16.6494 8.74496e-322
16.6159 8.74496e-322
16.5824 8.74496e-322
16.5491 8.74496e-322
16.5158 8.74496e-322
16.4826 8.74496e-322
16.4495 8.74496e-322
16.4164 8.74496e-322
16.3835 8.74496e-322
16.3506 8.74496e-322
16.3178 8.74496e-322
16.2851 8.74496e-322
16.2525 8.74496e-322
16.22 8.74496e-322
16.1875 8.74496e-322
16.1551 8.74496e-322
16.1228 8.74496e-322
16.0906 8.74496e-322
16.0585 8.74496e-322
16.0264 8.74496e-322
15.9945 8.74496e-322
15.9626 8.74496e-322
15.9307 8.74496e-322
15.899 8.74496e-322
15.8674 8.74496e-322
15.8358 8.74496e-322
15.8043 8.74496e-322
15.7729 8.74496e-322
15.7415 8.74496e-322
15.7102 8.74496e-322
15.6791 8.74496e-322
15.6479 8.74496e-322
15.6169 8.74496e-322
15.586 8.74496e-322
15.5551 8.74496e-322
15.5243 8.74496e-322
15.4935 8.74496e-322
15.4629 8.74496e-322
15.4323 8.74496e-322
15.4018 8.74496e-322
15.3714 8.74496e-322
15.341 8.74496e-322
15.3108 8.74496e-322
15.2806 8.74496e-322
15.2504 8.74496e-322
15.2204 8.74496e-322
15.1904 8.74496e-322
15.1605 8.74496e-322
15.1307 8.74496e-322
15.1009 8.74496e-322
15.0712 8.74496e-322
15.0416 8.74496e-322
15.0121 8.74496e-322
14.9826 8.74496e-322
14.9532 8.74496e-322
14.9239 8.74496e-322
14.8947 8.74496e-322
14.8655 8.74496e-322
14.8364 8.74496e-322
14.8073 8.74496e-322
14.7784 8.74496e-322
14.7495 8.74496e-322
14.7207 8.74496e-322
14.6919 8.74496e-322
14.6632 8.74496e-322
14.6346 8.74496e-322
14.6061 8.74496e-322
14.5776 8.74496e-322
14.5492 8.74496e-322
14.5209 8.74496e-322
14.4926 8.74496e-322
14.4644 8.74496e-322
14.4363 8.74496e-322
14.4082 8.74496e-322
14.3802 8.74496e-322
14.3523 8.74496e-322
14.3244 8.74496e-322
14.2967 8.74496e-322
14.2689 8.74496e-322
14.2413 8.74496e-322
14.2137 8.74496e-322
14.1862 8.74496e-322
14.1587 8.74496e-322
14.1313 8.74496e-322
14.104 8.74496e-322
14.0768 8.74496e-322
14.0496 8.74496e-322
14.0224 8.74496e-322
13.9954 8.74496e-322
13.9684 8.74496e-322
13.9415 8.74496e-322
13.9146 8.74496e-322
13.8878 8.74496e-322
13.8611 8.74496e-322
13.8344 8.74496e-322
13.8078 8.74496e-322
13.7812 8.74496e-322
13.7548 8.74496e-322
13.7284 8.74496e-322
13.702 8.74496e-322
13.6757 8.74496e-322
13.6495 8.74496e-322
13.6233 8.74496e-322
13.5972 8.74496e-322
13.5712 8.74496e-322
13.5452 8.74496e-322
13.5193 8.74496e-322
13.4935 8.74496e-322
13.4677 8.74496e-322
13.4419 8.74496e-322
13.4163 8.74496e-322
13.3907 8.74496e-322
13.3651 8.74496e-322
13.3396 8.74496e-322
13.3142 8.74496e-322
13.2889 8.74496e-322
13.2636 8.74496e-322
13.2383 8.74496e-322
13.2131 8.74496e-322
13.188 8.74496e-322
13.163 8.74496e-322
13.1379 8.74496e-322
13.113 8.74496e-322
13.0881 8.74496e-322
13.0633 8.74496e-322
13.0385 8.74496e-322
13.0138 8.74496e-322
12.9892 8.74496e-322
12.9646 8.74496e-322
12.9401 8.74496e-322
12.9156 8.74496e-322
12.8912 8.74496e-322
12.8668 8.74496e-322
12.8425 8.74496e-322
12.8183 8.74496e-322
12.7941 8.74496e-322
12.7699 8.74496e-322
12.7459 8.74496e-322
12.7219 8.74496e-322
12.6979 8.74496e-322
12.674 8.74496e-322
12.6501 8.74496e-322
12.6264 8.74496e-322
12.6026 8.74496e-322
12.5789 8.74496e-322
12.5553 8.74496e-322
12.5318 8.74496e-322
12.5082 8.74496e-322
12.4848 8.74496e-322
12.4614 8.74496e-322
12.438 8.74496e-322
12.4147 8.74496e-322
12.3915 8.74496e-322
12.3683 8.74496e-322
12.3452 8.74496e-322
12.3221 8.74496e-322
12.2991 8.74496e-322
12.2761 8.74496e-322
12.2532 8.74496e-322
12.2303 8.74496e-322
12.2075 8.74496e-322
12.1848 8.74496e-322
12.1621 8.74496e-322
12.1394 8.74496e-322
12.1168 8.74496e-322
12.0943 8.74496e-322
12.0718 8.74496e-322
12.0494 8.74496e-322
12.027 8.74496e-322
12.0046 8.74496e-322
11.9823 8.74496e-322
11.9601 8.74496e-322
11.9379 8.74496e-322
11.9158 8.74496e-322
11.8937 8.74496e-322
11.8717 8.74496e-322
11.8497 8.74496e-322
11.8278 8.74496e-322
11.8059 8.74496e-322
11.7841 8.74496e-322
11.7623 8.74496e-322
11.7406 8.74496e-322
11.7189 8.74496e-322
11.6973 8.74496e-322
11.6757 8.74496e-322
11.6542 8.74496e-322
11.6327 8.74496e-322
11.6113 8.74496e-322
11.5899 8.74496e-322
11.5686 8.74496e-322
11.5473 8.74496e-322
11.5261 8.74496e-322
11.5049 8.74496e-322
11.4838 8.74496e-322
11.4627 8.74496e-322
11.4417 8.74496e-322
11.4207 8.74496e-322
11.3998 8.74496e-322
11.3789 8.74496e-322
11.358 8.74496e-322
11.3372 8.74496e-322
11.3165 8.74496e-322
11.2958 8.74496e-322
11.2751 8.74496e-322
11.2545 8.74496e-322
11.234 8.74496e-322
11.2135 8.74496e-322
11.193 8.74496e-322
11.1726 8.74496e-322
11.1522 8.74496e-322
11.1319 8.74496e-322
11.1116 8.74496e-322
11.0914 8.74496e-322
11.0712 8.74496e-322
11.0511 8.74496e-322
11.031 8.74496e-322
11.0109 8.74496e-322
